DYJetsToLL_MLL50 : 2055
DYJetsToLL_M_10to50 : 1506
WJetsToLNu : 21159
ZZTo2L2Nu : 0.2641
ZZTo4L : 0.4687
WZTo3LNU : 0.1258
WWTo2L2Nu : 0.1858
tW_noFullHad : 1.629072
tbarW_noFullHad : 1.629072
TT : 68.9
TTsemilep : 68.9
TT_TuneCP5up : 68.9
TT_TuneCP5down : 68.9
TT_hdampUP : 68.9
TT_hdampDOWN : 68.9
TT_mtop166p5 : 68.9
TT_mtop178p5 : 68.9
