DYJetsToLL_MLL50 : 2141
DYJetsToLL_M_10to50 : 1506
WJetsToLNu : 21159
ZZTo2L2Nu : 0.2641
ZZTo4L : 0.4687
WZTo3LNU : 1.258
WWTo2L2Nu : 2.752 #1.858
tW_noFullHad : 1.629072
tbarW_noFullHad : 1.629072
TT : 68.9
TTsemilep : 68.9
TT_TuneCP5up : 68.9
TT_TuneCP5down : 68.9
TT_hdampUP : 68.9
TT_hdampDOWN : 68.9
TT_mtop166p5 : 68.9
TT_mtop178p5 : 68.9

#  LO: ~18666
# NLO: 21159
# f ~ 1.133546195797752
# LO:
# [15120, 2585, 705.2, 256.0]
# NLO
# [17139.21848046201, 2930.216916137189, 799.3767772765748, 290.1878261242245]

W0JetsToLNu : 17139.22
W1JetsToLNu : 2930.27
W2JetsToLNu : 799.38 
W3JetsToLNu : 290.19
