
  RooFitResult: minimized FCN value: -15736.3, estimated distance to minimum: 1.00127e-13
                covariance matrix quality: Full, accurate covariance matrix
                Status : MINIMIZE=0 HESSE=0 MINOS=0 

    Floating Parameter  InitialValue    FinalValue (+HiError,-LoError)    GblCorr.
  --------------------  ------------  ----------------------------------  --------
              NbkgFail    5.3992e+01    5.3992e+01 (+1.80e+01,-1.62e+01)  <none>
              NbkgPass    1.1845e+02    1.1845e+02 (+3.44e+01,-3.36e+01)  <none>
                  Nsig    4.5536e+03    4.5536e+03 (+7.67e+01,-7.60e+01)  <none>
                   eff    9.1106e-01    9.1106e-01 (+5.23e-03,-5.30e-03)  <none>
            meanFail_2    2.7583e-01    2.7583e-01 (+3.39e-01,-3.44e-01)  <none>
            meanPass_2    3.7509e-01    3.7509e-01 (+5.05e-02,-6.47e-02)  <none>
           sigmaFail_2    1.2529e+00    1.2529e+00 (+5.56e-01,-8.20e-01)  <none>
           sigmaPass_2    5.4757e-01    5.4757e-01 (+1.13e-01,-1.22e-01)  <none>
               tFail_2   -3.6750e-02   -3.6750e-02 (+1.21e-02,-1.36e-02)  <none>
               tPass_2   -5.1472e-02   -5.1472e-02 (+1.40e-02,-2.15e-02)  <none>


  Correlation Matrix
 --------------------
   1.0000   0.0001  -0.1821   0.5282   0.3396  -0.0001  -0.3737  -0.0001   0.0424   0.0001
   0.0001   1.0000  -0.3994  -0.1131   0.0002   0.0098  -0.0002  -0.0698  -0.0000   0.4044
  -0.1821  -0.3994   1.0000  -0.0677  -0.0763  -0.0043   0.0840   0.0311  -0.0095  -0.1800
   0.5282  -0.1131  -0.0677   1.0000   0.2203  -0.0013  -0.2425   0.0087   0.0275  -0.0510
   0.3396   0.0002  -0.0763   0.2203   1.0000  -0.0002  -0.7198  -0.0001  -0.0879   0.0001
  -0.0001   0.0098  -0.0043  -0.0013  -0.0002   1.0000   0.0003   0.2567  -0.0000  -0.0910
  -0.3737  -0.0002   0.0840  -0.2425  -0.7198   0.0003   1.0000   0.0001  -0.0378  -0.0001
  -0.0001  -0.0698   0.0311   0.0087  -0.0001   0.2567   0.0001   1.0000  -0.0000  -0.1269
   0.0424  -0.0000  -0.0095   0.0275  -0.0879  -0.0000  -0.0378  -0.0000   1.0000  -0.0000
   0.0001   0.4044  -0.1800  -0.0510   0.0001  -0.0910  -0.0001  -0.1269  -0.0000   1.0000
