
  RooFitResult: minimized FCN value: -9356.15, estimated distance to minimum: 7.6121e-08
                covariance matrix quality: Full, accurate covariance matrix
                Status : MINIMIZE=0 HESSE=0 MINOS=0 

    Floating Parameter  InitialValue    FinalValue (+HiError,-LoError)    GblCorr.
  --------------------  ------------  ----------------------------------  --------
              NbkgFail    1.9660e+01    1.9660e+01 (+8.41e+00,-7.47e+00)  <none>
              NbkgPass    1.8644e+01    1.8644e+01 (+1.99e+01,-1.76e+01)  <none>
                  Nsig    2.9027e+03    2.9027e+03 (+5.76e+01,-5.70e+01)  <none>
                   eff    9.5751e-01    9.5751e-01 (+4.22e-03,-4.45e-03)  <none>
           meanFail_29    2.4285e-01    2.4285e-01 (+2.76e-01,-2.74e-01)  <none>
           meanPass_29    5.0711e-01    5.0711e-01 (+5.40e-02,-5.40e-02)  <none>
          sigmaFail_29    8.0168e-01    8.0168e-01 (+3.71e-01,-3.53e-01)  <none>
          sigmaPass_29    5.4626e-01    5.4626e-01 (+1.08e-01,-9.75e-02)  <none>
              tFail_29   -5.6843e-14   -5.4623e-14 (+5.46e-14,-3.92e-03)  <none>
              tPass_29   -5.2847e-14   -5.6954e-14 (+5.70e-14,-1.58e-02)  <none>


  Correlation Matrix
 --------------------
   1.0000   0.0000  -0.0954   0.4158  -0.0643  -0.0000  -0.0835   0.0000  -0.0017   0.0000
   0.0000   1.0000  -0.3115  -0.0602  -0.0000   0.0203  -0.0000  -0.0282   0.0000  -0.0082
  -0.0954  -0.3115   1.0000  -0.0378   0.0089  -0.0067   0.0116   0.0093   0.0002   0.0027
   0.4158  -0.0602  -0.0378   1.0000  -0.0388  -0.0013  -0.0504   0.0018  -0.0010   0.0005
  -0.0643  -0.0000   0.0089  -0.0388   1.0000   0.0000   0.1023  -0.0000   0.0004  -0.0000
  -0.0000   0.0203  -0.0067  -0.0013   0.0000   1.0000   0.0000  -0.0003   0.0000   0.0001
  -0.0835  -0.0000   0.0116  -0.0504   0.1023   0.0000   1.0000  -0.0001   0.0002  -0.0000
   0.0000  -0.0282   0.0093   0.0018  -0.0000  -0.0003  -0.0001   1.0000  -0.0000   0.0002
  -0.0017   0.0000   0.0002  -0.0010   0.0004   0.0000   0.0002  -0.0000   1.0000  -0.0000
   0.0000  -0.0082   0.0027   0.0005  -0.0000   0.0001  -0.0000   0.0002  -0.0000   1.0000
