
  RooFitResult: minimized FCN value: -8668.58, estimated distance to minimum: 8.73324e-12
                covariance matrix quality: Full, accurate covariance matrix
                Status : MINIMIZE=0 HESSE=0 MINOS=0 

    Floating Parameter  InitialValue    FinalValue (+HiError,-LoError)    GblCorr.
  --------------------  ------------  ----------------------------------  --------
              NbkgFail    1.1249e+01    1.1249e+01 (+8.95e+00,-7.14e+00)  <none>
              NbkgPass    8.1857e+01    8.1857e+01 (+2.67e+01,-2.56e+01)  <none>
                  Nsig    2.8889e+03    2.8889e+03 (+5.99e+01,-5.92e+01)  <none>
                   eff    9.2878e-01    9.2878e-01 (+5.32e-03,-5.53e-03)  <none>
            meanFail_0    1.2707e-01    1.2707e-01 (+7.52e-01,-3.25e-01)  <none>
            meanPass_0    1.7754e-01    1.7754e-01 (+7.07e-02,-7.10e-02)  <none>
           sigmaFail_0    1.1081e+00    1.1081e+00 (+4.68e-01,-5.13e-01)  <none>
           sigmaPass_0    7.9283e-01    7.9283e-01 (+1.86e-01,-2.22e-01)  <none>
               tFail_0   -9.8188e-03   -9.8188e-03 (+9.82e-03,-2.90e-02)  <none>
               tPass_0   -2.1161e-02   -2.1161e-02 (+1.32e-02,-1.36e-02)  <none>


  Correlation Matrix
 --------------------
   1.0000   0.0004  -0.1291   0.4207   0.1333  -0.0000  -0.1875  -0.0038  -0.4709  -0.0051
   0.0004   1.0000  -0.3782  -0.1034   0.0021   0.0153  -0.0061  -0.0914   0.0003  -0.1141
  -0.1291  -0.3782   1.0000  -0.0182  -0.0209  -0.0060   0.0262   0.0418   0.0712   0.0502
   0.4207  -0.1034  -0.0182   1.0000   0.0668  -0.0017  -0.0937   0.0094  -0.2354   0.0110
   0.1333   0.0021  -0.0209   0.0668   1.0000  -0.0002  -0.2703   0.0014  -0.1756  -0.0010
  -0.0000   0.0153  -0.0060  -0.0017  -0.0002   1.0000   0.0009  -0.1284  -0.0000  -0.1113
  -0.1875  -0.0061   0.0262  -0.0937  -0.2703   0.0009   1.0000  -0.0068   0.0362   0.0018
  -0.0038  -0.0914   0.0418   0.0094   0.0014  -0.1284  -0.0068   1.0000   0.0022  -0.0142
  -0.4709   0.0003   0.0712  -0.2354  -0.1756  -0.0000   0.0362   0.0022   1.0000   0.0024
  -0.0051  -0.1141   0.0502   0.0110  -0.0010  -0.1113   0.0018  -0.0142   0.0024   1.0000
