
  RooFitResult: minimized FCN value: -60720.4, estimated distance to minimum: 0.000226191
                covariance matrix quality: Full, accurate covariance matrix
                Status : MINIMIZE=0 HESSE=0 MINOS=0 

    Floating Parameter  InitialValue    FinalValue (+HiError,-LoError)    GblCorr.
  --------------------  ------------  ----------------------------------  --------
              NbkgFail    6.0514e+00    6.1069e+00 (+9.69e+00,-9.98e+00)  <none>
              NbkgPass    5.9661e+01    5.9618e+01 (+3.05e+01,-2.88e+01)  <none>
                  Nsig    1.2565e+04    1.2565e+04 (+1.16e+02,-1.16e+02)  <none>
                   eff    9.7008e-01    9.7008e-01 (+1.67e-03,-1.65e-03)  <none>
           meanFail_14    9.3833e-02    8.7149e-02         +/-  5.24e-01  <none>
           meanPass_14    3.4596e-01    3.4596e-01         +/-  3.67e-02  <none>
          sigmaFail_14    3.1005e-01    2.9790e-01 (+2.53e-01,-8.06e-01)  <none>
          sigmaPass_14    5.0356e-01    5.0363e-01 (+7.31e-02,-9.09e-02)  <none>
              tFail_14   -8.8858e-02   -8.6501e-02 (+1.79e-01,-9.08e-01)  <none>
              tPass_14   -3.5672e-09   -2.3149e-07 (+2.31e-07,-6.28e-01)  <none>


  Correlation Matrix
 --------------------
   1.0000  -0.0000  -0.0814   0.4300   0.0270   0.0000   0.0020   0.0000   0.8712   0.0000
  -0.0000   1.0000  -0.2380  -0.0388  -0.0000  -0.0264  -0.0000  -0.0498  -0.0000  -0.0016
  -0.0814  -0.2380   1.0000  -0.0274  -0.0023   0.0068  -0.0002   0.0127  -0.0754   0.0004
   0.4300  -0.0388  -0.0274   1.0000   0.0123   0.0011   0.0009   0.0021   0.3986   0.0001
   0.0270  -0.0000  -0.0023   0.0123   1.0000   0.0000   0.9895   0.0000   0.0190   0.0001
   0.0000  -0.0264   0.0068   0.0011   0.0000   1.0000   0.0000   0.6261   0.0000  -0.0031
   0.0020  -0.0000  -0.0002   0.0009   0.9895   0.0000   1.0000   0.0000   0.0012   0.0001
   0.0000  -0.0498   0.0127   0.0021   0.0000   0.6261   0.0000   1.0000   0.0000  -0.0001
   0.8712  -0.0000  -0.0754   0.3986   0.0190   0.0000   0.0012   0.0000   1.0000   0.0000
   0.0000  -0.0016   0.0004   0.0001   0.0001  -0.0031   0.0001  -0.0001   0.0000   1.0000
