
  RooFitResult: minimized FCN value: -18460, estimated distance to minimum: 4.03138e-11
                covariance matrix quality: Full, accurate covariance matrix
                Status : MINIMIZE=0 HESSE=0 MINOS=0 

    Floating Parameter  InitialValue    FinalValue (+HiError,-LoError)    GblCorr.
  --------------------  ------------  ----------------------------------  --------
              NbkgFail    5.0880e+01    5.0880e+01 (+1.53e+01,-1.45e+01)  <none>
              NbkgPass    4.9495e+01    4.9495e+01 (+3.22e+01,-3.05e+01)  <none>
                  Nsig    5.1196e+03    5.1196e+03 (+8.16e+01,-7.84e+01)  <none>
                   eff    9.3103e-01    9.3103e-01 (+4.26e-03,-4.34e-03)  <none>
           meanFail_10    1.0622e-01    1.0622e-01         +/-  6.41e+00  <none>
           meanPass_10    3.2433e-01    3.2433e-01 (+4.83e-02,-6.68e-02)  <none>
          sigmaFail_10    1.7303e-01    1.7303e-01 (+3.49e-01,-2.55e+00)  <none>
          sigmaPass_10    5.5500e-01    5.5500e-01 (+1.06e-01,-1.09e-01)  <none>
              tFail_10   -2.9596e-02   -2.9596e-02 (+1.24e-02,-1.31e-02)  <none>
              tPass_10   -7.7490e-02   -7.7490e-02 (+3.50e-02,-4.79e-02)  <none>


  Correlation Matrix
 --------------------
   1.0000   0.0248  -0.1903   0.4999   0.1896   0.0116   0.1867   0.0088  -0.0447   0.0145
   0.0248   1.0000  -0.3768  -0.0781   0.1281   0.0356   0.1281  -0.0293  -0.0203   0.5642
  -0.1903  -0.3768   1.0000  -0.0812  -0.2954  -0.0079  -0.2948   0.0217   0.0515  -0.2189
   0.4999  -0.0781  -0.0812   1.0000   0.0891   0.0028   0.0873   0.0074  -0.0233  -0.0477
   0.1896   0.1281  -0.2954   0.0891   1.0000   0.0041   0.9995  -0.0055  -0.1693   0.0712
   0.0116   0.0356  -0.0079   0.0028   0.0041   1.0000   0.0041   0.3256   0.0044  -0.0388
   0.1867   0.1281  -0.2948   0.0873   0.9995   0.0041   1.0000  -0.0056  -0.1664   0.0712
   0.0088  -0.0293   0.0217   0.0074  -0.0055   0.3256  -0.0056   1.0000   0.0059  -0.1150
  -0.0447  -0.0203   0.0515  -0.0233  -0.1693   0.0044  -0.1664   0.0059   1.0000  -0.0117
   0.0145   0.5642  -0.2189  -0.0477   0.0712  -0.0388   0.0712  -0.1150  -0.0117   1.0000
