
  RooFitResult: minimized FCN value: -127152, estimated distance to minimum: 1.59181e-06
                covariance matrix quality: Full, accurate covariance matrix
                Status : MINIMIZE=0 HESSE=0 MINOS=0 

    Floating Parameter  InitialValue    FinalValue (+HiError,-LoError)    GblCorr.
  --------------------  ------------  ----------------------------------  --------
              NbkgFail    7.0752e+01    7.0752e+01 (+1.72e+01,-1.60e+01)  <none>
              NbkgPass    2.9310e+01    2.9313e+01 (+3.96e+01,-2.93e+01)  <none>
                  Nsig    2.3286e+04    2.3286e+04 (+1.58e+02,-1.58e+02)  <none>
                   eff    9.5692e-01    9.5692e-01 (+1.44e-03,-1.47e-03)  <none>
           meanFail_19    3.8603e-01    3.8603e-01 (+1.08e-01,-1.12e-01)  <none>
           meanPass_19    3.2181e-01    3.2179e-01 (+4.11e-02,-5.91e-02)  <none>
          sigmaFail_19    5.2279e-01    5.2281e-01 (+1.62e-01,-1.68e-01)  <none>
          sigmaPass_19    4.2321e-01    4.2319e-01 (+5.13e-02,-6.29e-02)  <none>
              tFail_19   -1.7815e-09   -2.1472e-09 (+2.15e-09,-5.89e-03)  <none>
              tPass_19   -5.8238e-10   -5.5295e-12 (+5.53e-12,-8.19e-03)  <none>


  Correlation Matrix
 --------------------
   1.0000   0.0000  -0.0781   0.3485  -0.0221   0.0004  -0.1163   0.0004   0.0012   0.0000
   0.0000   1.0000  -0.2407  -0.0483   0.0000  -0.0469   0.0001  -0.0466   0.0000  -0.0308
  -0.0781  -0.2407   1.0000  -0.0247   0.0024   0.0117   0.0123   0.0116  -0.0001   0.0076
   0.3485  -0.0483  -0.0247   1.0000  -0.0104   0.0026  -0.0544   0.0027   0.0006   0.0015
  -0.0221   0.0000   0.0024  -0.0104   1.0000   0.0003   0.3372   0.0003   0.0016  -0.0000
   0.0004  -0.0469   0.0117   0.0026   0.0003   1.0000   0.0001   0.9312   0.0000   0.0016
  -0.1163   0.0001   0.0123  -0.0544   0.3372   0.0001   1.0000   0.0001  -0.0007  -0.0000
   0.0004  -0.0466   0.0116   0.0027   0.0003   0.9312   0.0001   1.0000   0.0000   0.0014
   0.0012   0.0000  -0.0001   0.0006   0.0016   0.0000  -0.0007   0.0000   1.0000  -0.0000
   0.0000  -0.0308   0.0076   0.0015  -0.0000   0.0016  -0.0000   0.0014  -0.0000   1.0000
