
  RooFitResult: minimized FCN value: -8461.49, estimated distance to minimum: 6.01297e-05
                covariance matrix quality: Full, accurate covariance matrix
                Status : MINIMIZE=0 HESSE=0 MINOS=0 

    Floating Parameter  InitialValue    FinalValue (+HiError,-LoError)    GblCorr.
  --------------------  ------------  ----------------------------------  --------
              NbkgFail    1.4725e+01    1.4715e+01 (+9.85e+00,-7.12e+00)  <none>
              NbkgPass    3.6720e+01    3.6767e+01 (+2.50e+01,-2.43e+01)  <none>
                  Nsig    2.8496e+03    2.8495e+03 (+6.01e+01,-5.85e+01)  <none>
                   eff    9.3673e-01    9.3673e-01 (+5.19e-03,-5.22e-03)  <none>
           meanFail_11   -5.4148e-02   -5.2990e-02 (+2.92e-01,-3.37e-01)  <none>
           meanPass_11    1.1844e-01    1.1849e-01 (+7.01e-02,-7.04e-02)  <none>
          sigmaFail_11    3.5315e-01    3.4629e-01 (+9.89e-01,-2.57e+00)  <none>
          sigmaPass_11    7.6163e-01    7.6141e-01 (+1.76e-01,-2.19e-01)  <none>
              tFail_11   -7.1446e-08   -4.1891e-08 (+4.19e-08,-1.97e-02)  <none>
              tPass_11   -1.5350e-02   -1.5402e-02 (+1.54e-02,-3.21e-02)  <none>


  Correlation Matrix
 --------------------
   1.0000  -0.0000  -0.1044   0.3946  -0.0204  -0.0000  -0.0091   0.0000  -0.0153   0.0000
  -0.0000   1.0000  -0.4007  -0.1023   0.0000   0.0514  -0.0000  -0.0586   0.0000  -0.4569
  -0.1044  -0.4007   1.0000  -0.0099   0.0028  -0.0219   0.0012   0.0249   0.0021   0.1944
   0.3946  -0.1023  -0.0099   1.0000  -0.0105  -0.0056  -0.0046   0.0064  -0.0079   0.0496
  -0.0204   0.0000   0.0028  -0.0105   1.0000  -0.0000  -0.9523  -0.0000  -0.0009   0.0000
  -0.0000   0.0514  -0.0219  -0.0056  -0.0000   1.0000   0.0000  -0.0947   0.0000  -0.1355
  -0.0091  -0.0000   0.0012  -0.0046  -0.9523   0.0000   1.0000   0.0000   0.0001  -0.0000
   0.0000  -0.0586   0.0249   0.0064  -0.0000  -0.0947   0.0000   1.0000  -0.0000  -0.0283
  -0.0153   0.0000   0.0021  -0.0079  -0.0009   0.0000   0.0001  -0.0000   1.0000  -0.0000
   0.0000  -0.4569   0.1944   0.0496   0.0000  -0.1355  -0.0000  -0.0283  -0.0000   1.0000
