
  RooFitResult: minimized FCN value: -3632.92, estimated distance to minimum: 6.60988e-08
                covariance matrix quality: Full, accurate covariance matrix
                Status : MINIMIZE=0 HESSE=0 MINOS=0 

    Floating Parameter  InitialValue    FinalValue (+HiError,-LoError)    GblCorr.
  --------------------  ------------  ----------------------------------  --------
              NbkgFail    5.4772e+00    5.4772e+00 (+5.13e+00,-4.06e+00)  <none>
              NbkgPass    3.0776e+00    3.0776e+00 (+1.43e+01,-3.07e+00)  <none>
                  Nsig    1.5384e+03    1.5384e+03 (+4.17e+01,-4.13e+01)  <none>
                   eff    9.6391e-01    9.6391e-01 (+5.16e-03,-5.58e-03)  <none>
           meanFail_35    8.1252e-01    8.1252e-01 (+6.22e-01,-6.36e-01)  <none>
           meanPass_35    8.6933e-01    8.6933e-01 (+1.13e-01,-1.12e-01)  <none>
          sigmaFail_35    1.0192e+00    1.0192e+00 (+7.69e-01,-5.98e-01)  <none>
          sigmaPass_35    9.3109e-01    9.3109e-01 (+3.01e-01,-3.77e-01)  <none>
              tFail_35   -1.2212e-14   -1.2879e-14 (+1.29e-14,-1.05e-02)  <none>
              tPass_35   -1.9917e-13   -5.1381e-13 (+5.14e-13,-6.56e-02)  <none>


  Correlation Matrix
 --------------------
   1.0000  -0.0000  -0.0815   0.3959  -0.0348  -0.0000  -0.0892  -0.0000  -0.0021   0.0000
  -0.0000   1.0000  -0.3160  -0.0574  -0.0000   0.0072  -0.0000  -0.1271   0.0000  -0.0197
  -0.0815  -0.3160   1.0000  -0.0252   0.0038  -0.0023   0.0099   0.0409   0.0002   0.0063
   0.3959  -0.0574  -0.0252   1.0000  -0.0187  -0.0004  -0.0477   0.0074  -0.0011   0.0011
  -0.0348  -0.0000   0.0038  -0.0187   1.0000   0.0000   0.1127   0.0000   0.0004   0.0000
  -0.0000   0.0072  -0.0023  -0.0004   0.0000   1.0000   0.0000   0.1857   0.0000   0.0002
  -0.0892  -0.0000   0.0099  -0.0477   0.1127   0.0000   1.0000   0.0000  -0.0000   0.0000
  -0.0000  -0.1271   0.0409   0.0074   0.0000   0.1857   0.0000   1.0000   0.0000   0.0024
  -0.0021   0.0000   0.0002  -0.0011   0.0004   0.0000  -0.0000   0.0000   1.0000   0.0000
   0.0000  -0.0197   0.0063   0.0011   0.0000   0.0002   0.0000   0.0024   0.0000   1.0000
