
  RooFitResult: minimized FCN value: -22957.5, estimated distance to minimum: 0.000158701
                covariance matrix quality: Full, accurate covariance matrix
                Status : MINIMIZE=0 HESSE=0 MINOS=0 

    Floating Parameter  InitialValue    FinalValue (+HiError,-LoError)    GblCorr.
  --------------------  ------------  ----------------------------------  --------
              NbkgFail    5.4350e+01    5.4351e+01 (+1.45e+01,-1.18e+01)  <none>
              NbkgPass    8.4663e+01    8.4663e+01         +/-  2.78e+01  <none>
                  Nsig    5.7720e+03    5.7720e+03 (+8.12e+01,-8.06e+01)  <none>
                   eff    9.6766e-01    9.6766e-01 (+2.80e-03,-2.92e-03)  <none>
           meanFail_28    5.1227e-01    5.1253e-01         +/-  3.53e-01  <none>
           meanPass_28    2.2444e-01    2.2296e-01         +/-  9.71e-01  <none>
          sigmaFail_28    4.4661e-01    4.4633e-01 (+3.75e-01,-3.61e-01)  <none>
          sigmaPass_28    2.9229e-01    2.9132e-01 (+1.54e-01,-6.08e-01)  <none>
              tFail_28   -7.1393e-09   -4.6851e-09 (+4.69e-09,-8.59e-03)  <none>
              tPass_28   -3.4029e-09   -2.5642e-09 (+1.85e-03,-1.93e-03)  <none>


  Correlation Matrix
 --------------------
   1.0000  -0.0000  -0.1335   0.5789  -0.0801   0.0001  -0.1593   0.0001  -0.5348  -0.0000
  -0.0000   1.0000  -0.3038  -0.0440   0.0000  -0.0051   0.0000  -0.0060   0.0000   0.0054
  -0.1335  -0.3038   1.0000  -0.0888   0.0144   0.0016   0.0286   0.0019   0.0959  -0.0018
   0.5789  -0.0440  -0.0888   1.0000  -0.0623   0.0003  -0.1239   0.0004  -0.4158  -0.0003
  -0.0801   0.0000   0.0144  -0.0623   1.0000   0.0000  -0.1691   0.0000   0.1397   0.0000
   0.0001  -0.0051   0.0016   0.0003   0.0000   1.0000  -0.0002   0.9989  -0.0000  -0.0000
  -0.1593   0.0000   0.0286  -0.1239  -0.1691  -0.0002   1.0000  -0.0002   0.0329   0.0000
   0.0001  -0.0060   0.0019   0.0004   0.0000   0.9989  -0.0002   1.0000  -0.0000  -0.0000
  -0.5348   0.0000   0.0959  -0.4158   0.1397  -0.0000   0.0329  -0.0000   1.0000   0.0000
  -0.0000   0.0054  -0.0018  -0.0003   0.0000  -0.0000   0.0000  -0.0000   0.0000   1.0000
