
  RooFitResult: minimized FCN value: -60983.8, estimated distance to minimum: 2.16729e-06
                covariance matrix quality: Full, accurate covariance matrix
                Status : MINIMIZE=0 HESSE=0 MINOS=0 

    Floating Parameter  InitialValue    FinalValue (+HiError,-LoError)    GblCorr.
  --------------------  ------------  ----------------------------------  --------
              NbkgFail    1.2851e+01    1.2851e+01 (+9.32e+00,-8.78e+00)  <none>
              NbkgPass    1.0632e+00    1.0971e+00 (+3.09e+01,-1.09e+00)  <none>
                  Nsig    1.2713e+04    1.2713e+04 (+1.14e+02,-1.17e+02)  <none>
                   eff    9.6923e-01    9.6923e-01 (+1.64e-03,-1.67e-03)  <none>
           meanFail_21    5.3224e-01    5.3224e-01 (+1.91e-01,-1.89e-01)  <none>
           meanPass_21    3.3623e-01    3.3623e-01 (+2.72e-02,-2.76e-02)  <none>
          sigmaFail_21    6.2831e-01    6.2831e-01         +/-  2.21e-01  <none>
          sigmaPass_21    5.9372e-01    5.9371e-01 (+7.52e-02,-7.63e-02)  <none>
              tFail_21   -1.0929e-02   -1.0929e-02 (+1.09e-02,-5.60e-02)  <none>
              tPass_21   -3.2352e-03   -3.4187e-03 (+9.48e-01,-9.97e-01)  <none>


  Correlation Matrix
 --------------------
   1.0000  -0.0000  -0.0681   0.3643   0.0064  -0.0000  -0.1716   0.0000   0.1084   0.0000
  -0.0000   1.0000  -0.2555  -0.0434   0.0001  -0.0024   0.0001  -0.0455   0.0000  -0.0387
  -0.0681  -0.2555   1.0000  -0.0180  -0.0005   0.0006   0.0137   0.0116  -0.0087   0.0099
   0.3643  -0.0434  -0.0180   1.0000   0.0027   0.0001  -0.0733   0.0020   0.0463   0.0017
   0.0064   0.0001  -0.0005   0.0027   1.0000   0.0000  -0.1737   0.0000  -0.1151   0.0000
  -0.0000  -0.0024   0.0006   0.0001   0.0000   1.0000  -0.0000   0.1815   0.0000  -0.0173
  -0.1716   0.0001   0.0137  -0.0733  -0.1737  -0.0000   1.0000   0.0000  -0.0025  -0.0000
   0.0000  -0.0455   0.0116   0.0020   0.0000   0.1815   0.0000   1.0000  -0.0000   0.0038
   0.1084   0.0000  -0.0087   0.0463  -0.1151   0.0000  -0.0025  -0.0000   1.0000  -0.0004
   0.0000  -0.0387   0.0099   0.0017   0.0000  -0.0173  -0.0000   0.0038  -0.0004   1.0000
