
  RooFitResult: minimized FCN value: -54156.6, estimated distance to minimum: 2.30023e-08
                covariance matrix quality: Full, accurate covariance matrix
                Status : MINIMIZE=0 HESSE=0 MINOS=0 

    Floating Parameter  InitialValue    FinalValue (+HiError,-LoError)    GblCorr.
  --------------------  ------------  ----------------------------------  --------
              NbkgFail    3.7362e+01    3.7362e+01 (+1.25e+01,-1.14e+01)  <none>
              NbkgPass    2.5657e+01    2.5654e+01 (+2.91e+01,-2.93e+01)  <none>
                  Nsig    1.1455e+04    1.1455e+04 (+1.12e+02,-1.11e+02)  <none>
                   eff    9.4512e-01    9.4512e-01 (+2.27e-03,-2.32e-03)  <none>
           meanFail_18    4.6215e-01    4.6215e-01 (+1.19e-01,-1.16e-01)  <none>
           meanPass_18    3.0947e-01    3.0945e-01 (+5.32e-02,-2.74e-01)  <none>
          sigmaFail_18    6.0685e-01    6.0685e-01 (+2.29e-01,-1.94e-01)  <none>
          sigmaPass_18    4.2399e-01    4.2397e-01 (+6.76e-02,-8.79e-02)  <none>
              tFail_18   -2.8362e-12   -2.7560e-12 (+2.76e-12,-3.42e-03)  <none>
              tPass_18   -1.4855e-02   -1.4861e-02 (+1.49e-02,-4.71e-02)  <none>


  Correlation Matrix
 --------------------
   1.0000  -0.0001  -0.0794   0.3177  -0.0172   0.0000  -0.1338   0.0000  -0.0025  -0.0001
  -0.0001   1.0000  -0.2559  -0.0596   0.0000  -0.0542   0.0001  -0.0556   0.0000   0.5726
  -0.0794  -0.2559   1.0000  -0.0184   0.0018   0.0140   0.0143   0.0144   0.0003  -0.1509
   0.3177  -0.0596  -0.0184   1.0000  -0.0074   0.0033  -0.0576   0.0034  -0.0011  -0.0352
  -0.0172   0.0000   0.0018  -0.0074   1.0000   0.0000  -0.0959   0.0000   0.0007   0.0001
   0.0000  -0.0542   0.0140   0.0033   0.0000   1.0000  -0.0001   0.9383   0.0000  -0.0533
  -0.1338   0.0001   0.0143  -0.0576  -0.0959  -0.0001   1.0000  -0.0001   0.0006  -0.0000
   0.0000  -0.0556   0.0144   0.0034   0.0000   0.9383  -0.0001   1.0000   0.0000  -0.0336
  -0.0025   0.0000   0.0003  -0.0011   0.0007   0.0000   0.0006   0.0000   1.0000   0.0000
  -0.0001   0.5726  -0.1509  -0.0352   0.0001  -0.0533  -0.0000  -0.0336   0.0000   1.0000
