
  RooFitResult: minimized FCN value: -3387.3, estimated distance to minimum: 3.49834e-08
                covariance matrix quality: Full, accurate covariance matrix
                Status : MINIMIZE=0 HESSE=0 MINOS=0 

    Floating Parameter  InitialValue    FinalValue (+HiError,-LoError)    GblCorr.
  --------------------  ------------  ----------------------------------  --------
              NbkgFail    1.5818e+01    1.5818e+01 (+7.25e+00,-6.20e+00)  <none>
              NbkgPass    4.7492e+00    4.7492e+00 (+1.20e+01,-4.74e+00)  <none>
                  Nsig    1.4894e+03    1.4894e+03 (+4.07e+01,-4.01e+01)  <none>
                   eff    9.4818e-01    9.4818e-01 (+6.51e-03,-6.91e-03)  <none>
           meanFail_24    2.0562e+00    2.0562e+00 (+6.73e-01,-6.77e-01)  <none>
           meanPass_24    8.4511e-01    8.4511e-01 (+1.18e-01,-1.17e-01)  <none>
          sigmaFail_24    2.6290e+00    2.6290e+00 (+7.31e-01,-7.47e-01)  <none>
          sigmaPass_24    1.3158e+00    1.3158e+00 (+2.30e-01,-2.46e-01)  <none>
              tFail_24   -1.8874e-14   -1.8985e-14 (+1.90e-14,-4.56e-03)  <none>
              tPass_24   -6.7613e-14   -3.2863e-14 (+3.29e-14,-4.72e-02)  <none>


  Correlation Matrix
 --------------------
   1.0000  -0.0000  -0.1082   0.4144  -0.0512   0.0000  -0.2116   0.0000  -0.0010  -0.0000
  -0.0000   1.0000  -0.2561  -0.0536  -0.0000   0.0522   0.0000  -0.1069   0.0000   0.0125
  -0.1082  -0.2561   1.0000  -0.0547   0.0085  -0.0139   0.0352   0.0285   0.0002  -0.0033
   0.4144  -0.0536  -0.0547   1.0000  -0.0327  -0.0029  -0.1350   0.0060  -0.0006  -0.0007
  -0.0512  -0.0000   0.0085  -0.0327   1.0000  -0.0000  -0.0042  -0.0000   0.0005   0.0000
   0.0000   0.0522  -0.0139  -0.0029  -0.0000   1.0000  -0.0000   0.1486  -0.0000  -0.0000
  -0.2116   0.0000   0.0352  -0.1350  -0.0042  -0.0000   1.0000  -0.0000   0.0003   0.0000
   0.0000  -0.1069   0.0285   0.0060  -0.0000   0.1486  -0.0000   1.0000  -0.0000  -0.0013
  -0.0010   0.0000   0.0002  -0.0006   0.0005  -0.0000   0.0003  -0.0000   1.0000   0.0000
  -0.0000   0.0125  -0.0033  -0.0007   0.0000  -0.0000   0.0000  -0.0013   0.0000   1.0000
