
  RooFitResult: minimized FCN value: -40833.7, estimated distance to minimum: 1.63057e-12
                covariance matrix quality: Full, accurate covariance matrix
                Status : MINIMIZE=0 HESSE=0 MINOS=0 

    Floating Parameter  InitialValue    FinalValue (+HiError,-LoError)    GblCorr.
  --------------------  ------------  ----------------------------------  --------
              NbkgFail    1.1519e+02    1.1519e+02 (+2.34e+01,-2.21e+01)  <none>
              NbkgPass    2.0510e+02    2.0510e+02 (+4.56e+01,-4.46e+01)  <none>
                  Nsig    9.6457e+03    9.6457e+03 (+1.09e+02,-1.09e+02)  <none>
                   eff    8.9707e-01    8.9707e-01 (+3.62e-03,-3.66e-03)  <none>
            meanFail_7    4.3155e-01    4.3155e-01 (+1.22e-01,-1.23e-01)  <none>
            meanPass_7    3.6292e-01    3.6292e-01 (+4.23e-02,-5.00e-02)  <none>
           sigmaFail_7    8.5473e-01    8.5472e-01 (+2.26e-01,-2.37e-01)  <none>
           sigmaPass_7    4.7422e-01    4.7421e-01 (+7.76e-02,-8.16e-02)  <none>
               tFail_7   -3.0663e-02   -3.0663e-02 (+8.11e-03,-8.66e-03)  <none>
               tPass_7   -4.2915e-02   -4.2915e-02 (+9.73e-03,-1.24e-02)  <none>


  Correlation Matrix
 --------------------
   1.0000   0.0000  -0.1620   0.4512   0.0660   0.0003  -0.1274   0.0005   0.0283   0.0001
   0.0000   1.0000  -0.3719  -0.1187  -0.0000  -0.0184   0.0004  -0.0506   0.0005   0.2672
  -0.1620  -0.3719   1.0000  -0.0449  -0.0137   0.0077   0.0264   0.0210  -0.0061  -0.1105
   0.4512  -0.1187  -0.0449   1.0000   0.0384   0.0028  -0.0741   0.0072   0.0163  -0.0353
   0.0660  -0.0000  -0.0137   0.0384   1.0000   0.0000  -0.1006   0.0000  -0.1472   0.0000
   0.0003  -0.0184   0.0077   0.0028   0.0000   1.0000   0.0002   0.6755   0.0002  -0.1006
  -0.1274   0.0004   0.0264  -0.0741  -0.1006   0.0002   1.0000   0.0001  -0.0564   0.0001
   0.0005  -0.0506   0.0210   0.0072   0.0000   0.6755   0.0001   1.0000   0.0001  -0.0756
   0.0283   0.0005  -0.0061   0.0163  -0.1472   0.0002  -0.0564   0.0001   1.0000   0.0004
   0.0001   0.2672  -0.1105  -0.0353   0.0000  -0.1006   0.0001  -0.0756   0.0004   1.0000
