
  RooFitResult: minimized FCN value: -50144.1, estimated distance to minimum: 8.19883e-10
                covariance matrix quality: Full, accurate covariance matrix
                Status : MINIMIZE=0 HESSE=0 MINOS=0 

    Floating Parameter  InitialValue    FinalValue (+HiError,-LoError)    GblCorr.
  --------------------  ------------  ----------------------------------  --------
              NbkgFail    2.5764e+01    2.5764e+01 (+1.23e+01,-1.10e+01)  <none>
              NbkgPass    2.3724e+00    2.3733e+00 (+3.14e+00,-2.32e+00)  <none>
                  Nsig    1.0806e+04    1.0806e+04 (+1.05e+02,-1.04e+02)  <none>
                   eff    9.5315e-01    9.5315e-01 (+2.21e-03,-2.26e-03)  <none>
           meanFail_15    4.0757e-01    4.0758e-01 (+1.62e-01,-1.60e-01)  <none>
           meanPass_15    3.5365e-01    3.5366e-01 (+3.82e-02,-1.29e-01)  <none>
          sigmaFail_15    5.6452e-01    5.6451e-01 (+2.32e-01,-2.21e-01)  <none>
          sigmaPass_15    4.7545e-01    4.7546e-01 (+7.12e-02,-1.33e-01)  <none>
              tFail_15   -4.2862e-02   -4.2862e-02 (+2.04e-02,-4.04e-02)  <none>
              tPass_15   -1.0000e+00   -1.0000e+00 (+7.89e-01,-2.26e-09)  <none>


  Correlation Matrix
 --------------------
   1.0000  -0.0000  -0.0902   0.3728  -0.0096   0.0001  -0.1276   0.0001   0.5879   0.0000
  -0.0000   1.0000  -0.0174  -0.0037   0.0000   0.0386  -0.0000   0.0381  -0.0000   0.0132
  -0.0902  -0.0174   1.0000  -0.0414   0.0011  -0.0010   0.0142  -0.0010  -0.0655  -0.0003
   0.3728  -0.0037  -0.0414   1.0000  -0.0044  -0.0003  -0.0587  -0.0002   0.2705  -0.0001
  -0.0096   0.0000   0.0011  -0.0044   1.0000   0.0001   0.1318   0.0001  -0.0833   0.0000
   0.0001   0.0386  -0.0010  -0.0003   0.0001   1.0000   0.0000   0.7316   0.0001  -0.0006
  -0.1276  -0.0000   0.0142  -0.0587   0.1318   0.0000   1.0000   0.0000  -0.1087  -0.0000
   0.0001   0.0381  -0.0010  -0.0002   0.0001   0.7316   0.0000   1.0000   0.0001  -0.0008
   0.5879  -0.0000  -0.0655   0.2705  -0.0833   0.0001  -0.1087   0.0001   1.0000   0.0000
   0.0000   0.0132  -0.0003  -0.0001   0.0000  -0.0006  -0.0000  -0.0008   0.0000   1.0000
