
  RooFitResult: minimized FCN value: -8531.85, estimated distance to minimum: 8.48904e-08
                covariance matrix quality: Full, accurate covariance matrix
                Status : MINIMIZE=0 HESSE=0 MINOS=0 

    Floating Parameter  InitialValue    FinalValue (+HiError,-LoError)    GblCorr.
  --------------------  ------------  ----------------------------------  --------
              NbkgFail    5.0046e+01    5.0046e+01 (+1.08e+01,-9.93e+00)  <none>
              NbkgPass    1.3845e+01    1.3845e+01 (+1.78e+01,-1.38e+01)  <none>
                  Nsig    2.7291e+03    2.7291e+03 (+5.55e+01,-5.50e+01)  <none>
                   eff    9.6594e-01    9.6594e-01 (+4.26e-03,-4.52e-03)  <none>
           meanFail_32   -4.3760e-01   -4.3760e-01 (+4.51e-01,-3.95e-01)  <none>
           meanPass_32    5.0763e-01    5.0763e-01 (+5.97e-02,-5.95e-02)  <none>
          sigmaFail_32    5.8370e-01    5.8370e-01 (+7.78e-01,-4.62e-01)  <none>
          sigmaPass_32    8.2808e-01    8.2808e-01 (+1.27e-01,-1.36e-01)  <none>
              tFail_32   -5.8915e-12   -5.4514e-12 (+5.45e-12,-5.10e-03)  <none>
              tPass_32   -4.4409e-16   -4.4409e-16 (+4.44e-16,-9.41e-03)  <none>


  Correlation Matrix
 --------------------
   1.0000   0.0000  -0.1002   0.4461   0.0571   0.0000  -0.0237   0.0000  -0.0005   0.0000
   0.0000   1.0000  -0.2873  -0.0451   0.0000   0.0004   0.0000  -0.0555   0.0000  -0.0092
  -0.1002  -0.2873   1.0000  -0.0700  -0.0107  -0.0001   0.0044   0.0168   0.0001   0.0028
   0.4461  -0.0451  -0.0700   1.0000   0.0477  -0.0000  -0.0198   0.0027  -0.0005   0.0004
   0.0571   0.0000  -0.0107   0.0477   1.0000   0.0000   0.0735   0.0000   0.0011   0.0000
   0.0000   0.0004  -0.0001  -0.0000   0.0000   1.0000  -0.0000   0.0832   0.0000   0.0002
  -0.0237   0.0000   0.0044  -0.0198   0.0735  -0.0000   1.0000  -0.0000   0.0020   0.0000
   0.0000  -0.0555   0.0168   0.0027   0.0000   0.0832  -0.0000   1.0000   0.0000   0.0005
  -0.0005   0.0000   0.0001  -0.0005   0.0011   0.0000   0.0020   0.0000   1.0000   0.0000
   0.0000  -0.0092   0.0028   0.0004   0.0000   0.0002   0.0000   0.0005   0.0000   1.0000
