
  RooFitResult: minimized FCN value: -12324.3, estimated distance to minimum: 7.77857e-05
                covariance matrix quality: Full, accurate covariance matrix
                Status : MINIMIZE=0 HESSE=0 MINOS=0 

    Floating Parameter  InitialValue    FinalValue (+HiError,-LoError)    GblCorr.
  --------------------  ------------  ----------------------------------  --------
              NbkgFail    2.6867e+01    2.6882e+01 (+1.54e+01,-1.29e+01)  <none>
              NbkgPass    3.2840e+01    3.2694e+01 (+2.57e+01,-2.25e+01)  <none>
                  Nsig    3.8573e+03    3.8574e+03 (+6.80e+01,-6.76e+01)  <none>
                   eff    8.8538e-01    8.8539e-01 (+6.00e-03,-6.12e-03)  <none>
            meanFail_8   -3.0658e-02   -2.9920e-02 (+9.73e-02,-1.62e-01)  <none>
            meanPass_8    3.2915e-01    3.2917e-01 (+5.56e-02,-5.86e-02)  <none>
           sigmaFail_8    3.1120e-01    3.0618e-01 (+3.59e-01,-2.50e+00)  <none>
           sigmaPass_8    5.3559e-01    5.3569e-01 (+1.27e-01,-1.27e-01)  <none>
               tFail_8   -8.8533e-03   -8.8763e-03 (+8.88e-03,-1.74e-02)  <none>
               tPass_8   -7.4849e-02   -7.4913e-02 (+3.25e-02,-5.97e-02)  <none>


  Correlation Matrix
 --------------------
   1.0000  -0.0000  -0.1893   0.4864   0.0227  -0.0000  -0.0007  -0.0000  -0.5720  -0.0000
  -0.0000   1.0000  -0.3366  -0.1119   0.0000   0.0472  -0.0000   0.0078   0.0000   0.3738
  -0.1893  -0.3366   1.0000  -0.0653  -0.0049  -0.0168   0.0002  -0.0028   0.1237  -0.1333
   0.4864  -0.1119  -0.0653   1.0000   0.0126  -0.0056  -0.0004  -0.0009  -0.3179  -0.0443
   0.0227   0.0000  -0.0049   0.0126   1.0000   0.0000  -0.9674   0.0000  -0.0252   0.0000
  -0.0000   0.0472  -0.0168  -0.0056   0.0000   1.0000  -0.0000   0.4184   0.0000  -0.0224
  -0.0007  -0.0000   0.0002  -0.0004  -0.9674  -0.0000   1.0000  -0.0000   0.0000  -0.0000
  -0.0000   0.0078  -0.0028  -0.0009   0.0000   0.4184  -0.0000   1.0000   0.0000  -0.0287
  -0.5720   0.0000   0.1237  -0.3179  -0.0252   0.0000   0.0000   0.0000   1.0000   0.0000
  -0.0000   0.3738  -0.1333  -0.0443   0.0000  -0.0224  -0.0000  -0.0287   0.0000   1.0000
