
  RooFitResult: minimized FCN value: -11287, estimated distance to minimum: 5.14842e-05
                covariance matrix quality: Full, accurate covariance matrix
                Status : MINIMIZE=0 HESSE=0 MINOS=0 

    Floating Parameter  InitialValue    FinalValue (+HiError,-LoError)    GblCorr.
  --------------------  ------------  ----------------------------------  --------
              NbkgFail    2.7257e+01    2.7257e+01 (+1.01e+01,-7.93e+00)  <none>
              NbkgPass    1.6727e+01    1.6795e+01 (+1.99e+01,-1.68e+01)  <none>
                  Nsig    3.3600e+03    3.3599e+03 (+6.15e+01,-6.08e+01)  <none>
                   eff    9.8043e-01    9.8043e-01 (+3.28e-03,-3.18e-03)  <none>
           meanFail_26    4.7486e-01    4.7482e-01 (+7.08e-01,-8.17e-01)  <none>
           meanPass_26    6.0236e-01    6.0235e-01 (+5.61e-02,-5.59e-02)  <none>
          sigmaFail_26    1.2079e+00    1.2079e+00 (+8.34e-01,-8.81e-01)  <none>
          sigmaPass_26    8.1209e-01    8.1207e-01 (+1.29e-01,-1.42e-01)  <none>
              tFail_26   -5.7065e-14   -2.8810e-10 (+2.88e-10,-2.51e-03)  <none>
              tPass_26    0.0000e+00   -5.8179e-07 (+5.82e-07,-6.25e-03)  <none>


  Correlation Matrix
 --------------------
   1.0000  -0.0000  -0.0861   0.4979  -0.2525   0.0000  -0.2956   0.0001   0.0011  -0.0000
  -0.0000   1.0000  -0.2923  -0.0337   0.0000  -0.0097   0.0000  -0.0442   0.0000   0.0032
  -0.0861  -0.2923   1.0000  -0.0587   0.0350   0.0030   0.0410   0.0136  -0.0002  -0.0010
   0.4979  -0.0337  -0.0587   1.0000  -0.2024   0.0004  -0.2370   0.0016   0.0009  -0.0001
  -0.2525   0.0000   0.0350  -0.2024   1.0000  -0.0000   0.6171  -0.0002  -0.0009   0.0000
   0.0000  -0.0097   0.0030   0.0004  -0.0000   1.0000  -0.0000   0.0922  -0.0000  -0.0001
  -0.2956   0.0000   0.0410  -0.2370   0.6171  -0.0000   1.0000  -0.0003  -0.0007   0.0000
   0.0001  -0.0442   0.0136   0.0016  -0.0002   0.0922  -0.0003   1.0000  -0.0000  -0.0001
   0.0011   0.0000  -0.0002   0.0009  -0.0009  -0.0000  -0.0007  -0.0000   1.0000  -0.0000
  -0.0000   0.0032  -0.0010  -0.0001   0.0000  -0.0001   0.0000  -0.0001  -0.0000   1.0000
