
  RooFitResult: minimized FCN value: -60845.8, estimated distance to minimum: 9.84448e-10
                covariance matrix quality: Full, accurate covariance matrix
                Status : MINIMIZE=0 HESSE=0 MINOS=0 

    Floating Parameter  InitialValue    FinalValue (+HiError,-LoError)    GblCorr.
  --------------------  ------------  ----------------------------------  --------
              NbkgFail    3.0568e+00    3.0569e+00 (+2.68e+00,-1.93e+00)  <none>
              NbkgPass    7.0534e+00    7.0409e+00 (+1.89e+01,-7.03e+00)  <none>
                  Nsig    1.2659e+04    1.2659e+04 (+1.14e+02,-1.13e+02)  <none>
                   eff    9.6785e-01    9.6785e-01 (+1.55e-03,-1.60e-03)  <none>
           meanFail_13    3.8129e-01    3.8129e-01 (+1.82e-01,-1.82e-01)  <none>
           meanPass_13    3.5917e-01    3.5917e-01 (+3.37e-02,-6.55e-02)  <none>
          sigmaFail_13    9.7828e-01    9.7832e-01 (+2.81e-01,-2.85e-01)  <none>
          sigmaPass_13    5.0191e-01    5.0192e-01 (+7.76e-02,-9.69e-02)  <none>
              tFail_13   -4.1620e-01   -4.1614e-01 (+2.67e-01,-3.88e-01)  <none>
              tPass_13   -1.2432e-01   -1.2450e-01 (+1.25e-01,-8.75e-01)  <none>


  Correlation Matrix
 --------------------
   1.0000  -0.0000  -0.0083   0.0464   0.0322   0.0002  -0.0224   0.0003   0.1466  -0.0000
  -0.0000   1.0000  -0.1192  -0.0220   0.0000   0.0274  -0.0000  -0.0265  -0.0000   0.7719
  -0.0083  -0.1192   1.0000   0.0019  -0.0007  -0.0035   0.0006   0.0031  -0.0030  -0.0954
   0.0464  -0.0220   0.0019   1.0000   0.0036  -0.0007  -0.0024   0.0004   0.0163  -0.0176
   0.0322   0.0000  -0.0007   0.0036   1.0000  -0.0001  -0.0672  -0.0002   0.0127   0.0000
   0.0002   0.0274  -0.0035  -0.0007  -0.0001   1.0000   0.0008   0.6161   0.0005  -0.0010
  -0.0224  -0.0000   0.0006  -0.0024  -0.0672   0.0008   1.0000   0.0010  -0.0062  -0.0000
   0.0003  -0.0265   0.0031   0.0004  -0.0002   0.6161   0.0010   1.0000   0.0008  -0.0445
   0.1466  -0.0000  -0.0030   0.0163   0.0127   0.0005  -0.0062   0.0008   1.0000  -0.0000
  -0.0000   0.7719  -0.0954  -0.0176   0.0000  -0.0010  -0.0000  -0.0445  -0.0000   1.0000
