
  RooFitResult: minimized FCN value: -41815, estimated distance to minimum: 4.26448e-12
                covariance matrix quality: Full, accurate covariance matrix
                Status : MINIMIZE=0 HESSE=0 MINOS=0 

    Floating Parameter  InitialValue    FinalValue (+HiError,-LoError)    GblCorr.
  --------------------  ------------  ----------------------------------  --------
              NbkgFail    1.0002e+02    1.0002e+02 (+2.35e+01,-2.23e+01)  <none>
              NbkgPass    1.5908e+02    1.5908e+02 (+4.43e+01,-4.30e+01)  <none>
                  Nsig    9.8429e+03    9.8429e+03 (+1.10e+02,-1.09e+02)  <none>
                   eff    8.9983e-01    8.9983e-01 (+3.57e-03,-3.61e-03)  <none>
            meanFail_4   -1.0146e-02   -1.0146e-02 (+1.25e-01,-1.26e-01)  <none>
            meanPass_4    2.9150e-01    2.9150e-01 (+4.02e-02,-4.84e-02)  <none>
           sigmaFail_4    9.0521e-01    9.0521e-01 (+2.29e-01,-2.63e-01)  <none>
           sigmaPass_4    4.9353e-01    4.9353e-01 (+8.22e-02,-8.99e-02)  <none>
               tFail_4   -3.9418e-02   -3.9418e-02 (+9.52e-03,-1.12e-02)  <none>
               tPass_4   -6.5657e-02   -6.5657e-02 (+1.60e-02,-2.58e-02)  <none>


  Correlation Matrix
 --------------------
   1.0000  -0.0003  -0.1689   0.4720   0.0710   0.0005  -0.1186   0.0007   0.1864  -0.0003
  -0.0003   1.0000  -0.3647  -0.1141   0.0005  -0.0289  -0.0002  -0.0651  -0.0003   0.5501
  -0.1689  -0.3647   1.0000  -0.0532  -0.0150   0.0116   0.0250   0.0260  -0.0388  -0.2189
   0.4720  -0.1141  -0.0532   1.0000   0.0414   0.0041  -0.0691   0.0087   0.1088  -0.0685
   0.0710   0.0005  -0.0150   0.0414   1.0000  -0.0003  -0.1901  -0.0005  -0.1182   0.0003
   0.0005  -0.0289   0.0116   0.0041  -0.0003   1.0000   0.0012   0.7416   0.0001  -0.1273
  -0.1186  -0.0002   0.0250  -0.0691  -0.1901   0.0012   1.0000   0.0015  -0.0780  -0.0003
   0.0007  -0.0651   0.0260   0.0087  -0.0005   0.7416   0.0015   1.0000   0.0001  -0.1451
   0.1864  -0.0003  -0.0388   0.1088  -0.1182   0.0001  -0.0780   0.0001   1.0000  -0.0002
  -0.0003   0.5501  -0.2189  -0.0685   0.0003  -0.1273  -0.0003  -0.1451  -0.0002   1.0000
