
  RooFitResult: minimized FCN value: -11061.2, estimated distance to minimum: 9.24943e-06
                covariance matrix quality: Full, accurate covariance matrix
                Status : MINIMIZE=0 HESSE=0 MINOS=0 

    Floating Parameter  InitialValue    FinalValue (+HiError,-LoError)    GblCorr.
  --------------------  ------------  ----------------------------------  --------
              NbkgFail    3.2184e+00    3.2184e+00 (+2.35e+00,-1.68e+00)  <none>
              NbkgPass    2.3875e+01    2.3875e+01 (+1.95e+01,-1.84e+01)  <none>
                  Nsig    3.3279e+03    3.3279e+03 (+6.07e+01,-6.01e+01)  <none>
                   eff    9.6731e-01    9.6731e-01 (+3.00e-03,-3.19e-03)  <none>
           meanFail_33    1.0166e+00    1.0165e+00 (+2.22e-01,-4.48e-01)  <none>
           meanPass_33    4.0049e-01    4.0049e-01 (+5.66e-02,-6.50e-02)  <none>
          sigmaFail_33    2.8910e-01    2.8809e-01 (+7.58e-01,-4.85e+00)  <none>
          sigmaPass_33    5.8577e-01    5.8577e-01 (+1.46e-01,-1.43e-01)  <none>
              tFail_33   -7.5694e-01   -7.5694e-01 (+3.92e-01,-6.21e-01)  <none>
              tPass_33   -6.9647e-12   -6.9456e-12 (+6.95e-12,-6.52e-02)  <none>


  Correlation Matrix
 --------------------
   1.0000   0.0000  -0.0065   0.0370   0.0198  -0.0000   0.0024  -0.0000   0.1517   0.0000
   0.0000   1.0000  -0.2840  -0.0544   0.0000  -0.0082  -0.0000  -0.0622   0.0000  -0.0125
  -0.0065  -0.2840   1.0000   0.0154  -0.0007   0.0025  -0.0001   0.0190  -0.0050   0.0038
   0.0370  -0.0544   0.0154   1.0000   0.0040   0.0005   0.0007   0.0036   0.0287   0.0007
   0.0198   0.0000  -0.0007   0.0040   1.0000   0.0001   0.9877   0.0000   0.0126  -0.0000
  -0.0000  -0.0082   0.0025   0.0005   0.0001   1.0000   0.0001   0.2239  -0.0000   0.0010
   0.0024  -0.0000  -0.0001   0.0007   0.9877   0.0001   1.0000   0.0000   0.0018  -0.0000
  -0.0000  -0.0622   0.0190   0.0036   0.0000   0.2239   0.0000   1.0000  -0.0002   0.0004
   0.1517   0.0000  -0.0050   0.0287   0.0126  -0.0000   0.0018  -0.0002   1.0000   0.0000
   0.0000  -0.0125   0.0038   0.0007  -0.0000   0.0010  -0.0000   0.0004   0.0000   1.0000
