
  RooFitResult: minimized FCN value: -20684, estimated distance to minimum: 2.82973e-11
                covariance matrix quality: Full, accurate covariance matrix
                Status : MINIMIZE=0 HESSE=0 MINOS=0 

    Floating Parameter  InitialValue    FinalValue (+HiError,-LoError)    GblCorr.
  --------------------  ------------  ----------------------------------  --------
              NbkgFail    4.0943e+01    4.0943e+01 (+1.61e+01,-1.49e+01)  <none>
              NbkgPass    4.8503e+01    4.8503e+01 (+3.19e+01,-4.35e+01)  <none>
                  Nsig    5.6566e+03    5.6566e+03 (+8.35e+01,-8.22e+01)  <none>
                   eff    8.8932e-01    8.8932e-01 (+4.72e-03,-4.81e-03)  <none>
            meanFail_5    4.0486e-01    4.0486e-01 (+1.50e-01,-1.51e-01)  <none>
            meanPass_5    2.5761e-01    2.5761e-01 (+4.83e-02,-5.89e-02)  <none>
           sigmaFail_5    1.0257e+00    1.0257e+00 (+2.61e-01,-2.71e-01)  <none>
           sigmaPass_5    5.1070e-01    5.1069e-01 (+1.24e-01,-1.35e-01)  <none>
               tFail_5   -2.2583e-02   -2.2582e-02 (+1.64e-02,-1.64e-02)  <none>
               tPass_5   -6.4785e-02   -6.4784e-02 (+3.14e-02,-4.96e-02)  <none>


  Correlation Matrix
 --------------------
   1.0000  -0.0005  -0.1555   0.4246   0.0815  -0.0001  -0.1568  -0.0000  -0.1441  -0.0006
  -0.0005   1.0000  -0.3685  -0.1252   0.0002  -0.0249   0.0001  -0.0668  -0.0020   0.6444
  -0.1555  -0.3685   1.0000  -0.0312  -0.0154   0.0099   0.0295   0.0262   0.0277  -0.2495
   0.4246  -0.1252  -0.0312   1.0000   0.0416   0.0035  -0.0803   0.0092  -0.0736  -0.0848
   0.0815   0.0002  -0.0154   0.0416   1.0000   0.0002  -0.1212   0.0003  -0.1328   0.0001
  -0.0001  -0.0249   0.0099   0.0035   0.0002   1.0000   0.0001   0.7280  -0.0017  -0.1358
  -0.1568   0.0001   0.0295  -0.0803  -0.1212   0.0001   1.0000   0.0001   0.0003   0.0001
  -0.0000  -0.0668   0.0262   0.0092   0.0003   0.7280   0.0001   1.0000  -0.0023  -0.1748
  -0.1441  -0.0020   0.0277  -0.0736  -0.1328  -0.0017   0.0003  -0.0023   1.0000  -0.0009
  -0.0006   0.6444  -0.2495  -0.0848   0.0001  -0.1358   0.0001  -0.1748  -0.0009   1.0000
