
  RooFitResult: minimized FCN value: -49785.2, estimated distance to minimum: 2.33972e-07
                covariance matrix quality: Full, accurate covariance matrix
                Status : MINIMIZE=0 HESSE=0 MINOS=0 

    Floating Parameter  InitialValue    FinalValue (+HiError,-LoError)    GblCorr.
  --------------------  ------------  ----------------------------------  --------
              NbkgFail    1.4567e+01    1.4567e+01 (+1.19e+01,-9.77e+00)  <none>
              NbkgPass    2.1909e+01    2.1909e+01 (+2.65e+01,-2.19e+01)  <none>
                  Nsig    1.0782e+04    1.0782e+04 (+1.08e+02,-1.07e+02)  <none>
                   eff    9.5043e-01    9.5043e-01 (+2.26e-03,-2.30e-03)  <none>
           meanFail_20    3.7000e-01    3.6999e-01 (+1.67e-01,-1.77e-01)  <none>
           meanPass_20    3.4809e-01    3.4809e-01 (+2.88e-02,-2.95e-02)  <none>
          sigmaFail_20    5.0533e-01    5.0532e-01 (+3.85e-01,-2.64e-01)  <none>
          sigmaPass_20    5.8279e-01    5.8279e-01 (+7.45e-02,-7.52e-02)  <none>
              tFail_20   -3.8530e-02   -3.8530e-02 (+2.66e-02,-6.18e-02)  <none>
              tPass_20   -2.9311e-11   -1.8274e-12 (+1.83e-12,-1.21e-02)  <none>


  Correlation Matrix
 --------------------
   1.0000  -0.0001  -0.0903   0.3752   0.0264  -0.0000  -0.0167  -0.0001   0.4968   0.0000
  -0.0001   1.0000  -0.2308  -0.0499   0.0004  -0.0217   0.0004  -0.0552  -0.0002  -0.0160
  -0.0903  -0.2308   1.0000  -0.0264  -0.0029   0.0052   0.0014   0.0132  -0.0504   0.0038
   0.3752  -0.0499  -0.0264   1.0000   0.0112   0.0011  -0.0073   0.0028   0.2119   0.0008
   0.0264   0.0004  -0.0029   0.0112   1.0000   0.0000   0.4474   0.0001  -0.0869  -0.0000
  -0.0000  -0.0217   0.0052   0.0011   0.0000   1.0000   0.0000   0.2054   0.0000   0.0010
  -0.0167   0.0004   0.0014  -0.0073   0.4474   0.0000   1.0000   0.0000  -0.1216  -0.0000
  -0.0001  -0.0552   0.0132   0.0028   0.0001   0.2054   0.0000   1.0000   0.0001   0.0008
   0.4968  -0.0002  -0.0504   0.2119  -0.0869   0.0000  -0.1216   0.0001   1.0000   0.0000
   0.0000  -0.0160   0.0038   0.0008  -0.0000   0.0010  -0.0000   0.0008   0.0000   1.0000
