
  RooFitResult: minimized FCN value: -9402.98, estimated distance to minimum: 8.00987e-08
                covariance matrix quality: Full, accurate covariance matrix
                Status : MINIMIZE=0 HESSE=0 MINOS=0 

    Floating Parameter  InitialValue    FinalValue (+HiError,-LoError)    GblCorr.
  --------------------  ------------  ----------------------------------  --------
              NbkgFail    8.1585e+00    8.1585e+00 (+8.68e+00,-7.36e+00)  <none>
              NbkgPass    2.5990e+01    2.5990e+01 (+1.87e+01,-1.67e+01)  <none>
                  Nsig    2.9149e+03    2.9149e+03 (+5.74e+01,-5.68e+01)  <none>
                   eff    9.4036e-01    9.4036e-01 (+4.93e-03,-5.11e-03)  <none>
           meanFail_30    6.2526e-01    6.2526e-01 (+2.63e-01,-2.56e-01)  <none>
           meanPass_30    5.1377e-01    5.1377e-01 (+9.67e-02,-7.23e-02)  <none>
          sigmaFail_30    1.0506e+00    1.0506e+00 (+3.54e-01,-3.66e-01)  <none>
          sigmaPass_30    4.6241e-01    4.6241e-01 (+9.68e-02,-1.20e-01)  <none>
              tFail_30   -2.3430e-10   -2.2736e-10 (+2.27e-10,-8.48e-02)  <none>
              tPass_30   -1.7875e-13   -1.8952e-13 (+1.90e-13,-1.18e-02)  <none>


  Correlation Matrix
 --------------------
   1.0000  -0.0000  -0.1230   0.4509  -0.0222  -0.0000  -0.1298   0.0000  -0.0128  -0.0000
  -0.0000   1.0000  -0.2844  -0.0661  -0.0000   0.0150   0.0000  -0.0435  -0.0000  -0.0071
  -0.1230  -0.2844   1.0000  -0.0430   0.0031  -0.0047   0.0183   0.0135   0.0018   0.0022
   0.4509  -0.0661  -0.0430   1.0000  -0.0114  -0.0011  -0.0670   0.0032  -0.0066   0.0005
  -0.0222  -0.0000   0.0031  -0.0114   1.0000   0.0000   0.2689   0.0000   0.0025   0.0000
  -0.0000   0.0150  -0.0047  -0.0011   0.0000   1.0000   0.0000  -0.0876  -0.0000   0.0002
  -0.1298   0.0000   0.0183  -0.0670   0.2689   0.0000   1.0000  -0.0000   0.0024   0.0000
   0.0000  -0.0435   0.0135   0.0032   0.0000  -0.0876  -0.0000   1.0000  -0.0000   0.0003
  -0.0128  -0.0000   0.0018  -0.0066   0.0025  -0.0000   0.0024  -0.0000   1.0000  -0.0000
  -0.0000  -0.0071   0.0022   0.0005   0.0000   0.0002   0.0000   0.0003  -0.0000   1.0000
