
  RooFitResult: minimized FCN value: -127640, estimated distance to minimum: 0.000508883
                covariance matrix quality: Full, accurate covariance matrix
                Status : MINIMIZE=0 HESSE=0 MINOS=0 

    Floating Parameter  InitialValue    FinalValue (+HiError,-LoError)    GblCorr.
  --------------------  ------------  ----------------------------------  --------
              NbkgFail    5.5468e+01    5.5386e+01 (+1.67e+01,-1.64e+01)  <none>
              NbkgPass    4.6078e+01    4.6179e+01 (+3.79e+01,-4.57e+01)  <none>
                  Nsig    2.3357e+04    2.3359e+04         +/-  1.58e+02  <none>
                   eff    9.5716e-01    9.5716e-01         +/-  1.45e-03  <none>
           meanFail_16    3.6023e-01    3.5944e-01 (+1.09e-01,-1.15e-01)  <none>
           meanPass_16    1.8397e-01    1.8020e-01         +/-  3.69e-01  <none>
          sigmaFail_16    5.2110e-01    5.2202e-01 (+1.76e-01,-1.82e-01)  <none>
          sigmaPass_16    2.9837e-01    2.9535e-01         +/-  3.00e-01  <none>
              tFail_16   -2.9608e-02   -2.9552e-02 (+1.35e-02,-1.58e-02)  <none>
              tPass_16   -1.6697e-11   -6.7497e-07 (+6.47e-01,-1.00e+00)  <none>


  Correlation Matrix
 --------------------
   1.0000  -0.0000  -0.0818   0.3642  -0.0795   0.0000  -0.2034   0.0000   0.5021  -0.0000
  -0.0000   1.0000  -0.2321  -0.0463   0.0000  -0.0019   0.0000  -0.0024  -0.0000   0.0068
  -0.0818  -0.2321   1.0000  -0.0265   0.0082   0.0005   0.0210   0.0006  -0.0518  -0.0016
   0.3642  -0.0463  -0.0265   1.0000  -0.0366   0.0001  -0.0936   0.0001   0.2309  -0.0003
  -0.0795   0.0000   0.0082  -0.0366   1.0000   0.0000   0.4230   0.0000  -0.1534  -0.0000
   0.0000  -0.0019   0.0005   0.0001   0.0000   1.0000  -0.0000   0.9992   0.0001  -0.0004
  -0.2034   0.0000   0.0210  -0.0936   0.4230  -0.0000   1.0000  -0.0000  -0.1882  -0.0000
   0.0000  -0.0024   0.0006   0.0001   0.0000   0.9992  -0.0000   1.0000   0.0001  -0.0003
   0.5021  -0.0000  -0.0518   0.2309  -0.1534   0.0001  -0.1882   0.0001   1.0000  -0.0000
  -0.0000   0.0068  -0.0016  -0.0003  -0.0000  -0.0004  -0.0000  -0.0003  -0.0000   1.0000
