
  RooFitResult: minimized FCN value: -16337.2, estimated distance to minimum: 2.57626e-10
                covariance matrix quality: Full, accurate covariance matrix
                Status : MINIMIZE=0 HESSE=0 MINOS=0 

    Floating Parameter  InitialValue    FinalValue (+HiError,-LoError)    GblCorr.
  --------------------  ------------  ----------------------------------  --------
              NbkgFail    1.2950e+01    1.2950e+01 (+1.44e+01,-1.23e+01)  <none>
              NbkgPass    1.0520e+02    1.0520e+02 (+3.51e+01,-3.40e+01)  <none>
                  Nsig    4.6918e+03    4.6918e+03 (+7.77e+01,-7.69e+01)  <none>
                   eff    9.0941e-01    9.0941e-01 (+4.90e-03,-4.98e-03)  <none>
            meanFail_9    1.2733e-01    1.2733e-01 (+2.11e-01,-2.08e-01)  <none>
            meanPass_9    2.6180e-01    2.6179e-01 (+6.62e-02,-2.34e-01)  <none>
           sigmaFail_9    8.8801e-01    8.8801e-01 (+3.50e-01,-3.66e-01)  <none>
           sigmaPass_9    4.6702e-01    4.6700e-01 (+1.25e-01,-1.59e-01)  <none>
               tFail_9   -2.2017e-02   -2.2019e-02 (+2.20e-02,-5.19e-02)  <none>
               tPass_9   -7.1510e-02   -7.1509e-02 (+2.16e-02,-4.23e-02)  <none>


  Correlation Matrix
 --------------------
   1.0000   0.0001  -0.1630   0.4949   0.0863   0.0003  -0.1332   0.0003  -0.2783   0.0001
   0.0001   1.0000  -0.4126  -0.1245   0.0001  -0.0595   0.0002  -0.0872   0.0001   0.6489
  -0.1630  -0.4126   1.0000  -0.0305  -0.0151   0.0271   0.0232   0.0396   0.0488  -0.2930
   0.4949  -0.1245  -0.0305   1.0000   0.0460   0.0088  -0.0711   0.0126  -0.1481  -0.0884
   0.0863   0.0001  -0.0151   0.0460   1.0000  -0.0004   0.0267  -0.0004  -0.1637   0.0002
   0.0003  -0.0595   0.0271   0.0088  -0.0004   1.0000  -0.0021   0.8834  -0.0001  -0.1449
  -0.1332   0.0002   0.0232  -0.0711   0.0267  -0.0021   1.0000  -0.0024  -0.0512   0.0004
   0.0003  -0.0872   0.0396   0.0126  -0.0004   0.8834  -0.0024   1.0000  -0.0001  -0.1602
  -0.2783   0.0001   0.0488  -0.1481  -0.1637  -0.0001  -0.0512  -0.0001   1.0000   0.0001
   0.0001   0.6489  -0.2930  -0.0884   0.0002  -0.1449   0.0004  -0.1602   0.0001   1.0000
