
  RooFitResult: minimized FCN value: -21938.5, estimated distance to minimum: 4.2631e-05
                covariance matrix quality: Full matrix, but forced positive-definite
                Status : MINIMIZE=1 HESSE=1 MINOS=1 

    Constant Parameter    Value     
  --------------------  ------------
            peakFail_4    9.1188e+01

    Floating Parameter  InitialValue    FinalValue (+HiError,-LoError)    GblCorr.
  --------------------  ------------  ----------------------------------  --------
              NbkgFail    1.2396e+03    1.2395e+03         +/-  5.89e+01  <none>
              NbkgPass    1.3265e+02    1.3267e+02 (+3.23e+01,-3.15e+01)  <none>
                  Nsig    5.8117e+03    5.8118e+03 (+1.01e+02,-9.42e+01)  <none>
            alfaFail_4    2.4819e+02    2.4820e+02 (+1.80e+00,-2.43e+02)  <none>
            betaFail_4    1.2179e-02    1.2195e-02         +/-  2.89e-03  <none>
                   eff    6.4169e-01    6.4168e-01 (+8.36e-03,-9.25e-03)  <none>
           gammaFail_4    6.3565e-02    6.3677e-02 (+2.50e-02,-5.40e-02)  <none>
            meanFail_4    5.8235e-01    5.4964e-01         +/-  4.22e+00  <none>
            meanPass_4    3.0691e-01    3.0532e-01         +/-  4.61e-01  <none>
           sigmaFail_4    4.8821e-01    4.7467e-01         +/-  2.51e+00  <none>
           sigmaPass_4    5.1272e-01    5.1171e-01         +/-  3.83e-01  <none>
               tPass_4   -5.2050e-02   -5.2048e-02 (+1.20e-02,-1.72e-02)  <none>


  Correlation Matrix
 --------------------
   1.0000  -0.0001  -0.4017  -0.1319   0.2421   0.5003   0.0852   0.0206   0.0000  -0.0110   0.0000  -0.0000
  -0.0001   1.0000  -0.2912  -0.0000   0.0000  -0.2025  -0.0000  -0.0000   0.0040  -0.0000  -0.0052   0.4315
  -0.4017  -0.2912   1.0000   0.0823  -0.1511  -0.2443  -0.0532  -0.0128  -0.0014   0.0070   0.0017  -0.1447
  -0.1319  -0.0000   0.0823   1.0000  -0.6058  -0.1025   0.6219  -0.0033  -0.0000   0.0039  -0.0000  -0.0000
   0.2421   0.0000  -0.1511  -0.6058   1.0000   0.1881   0.2425   0.0052   0.0000  -0.0039   0.0000   0.0000
   0.5003  -0.2025  -0.2443  -0.1025   0.1881   1.0000   0.0662   0.0160  -0.0009  -0.0086   0.0012  -0.1006
   0.0852  -0.0000  -0.0532   0.6219   0.2425   0.0662   1.0000   0.0039  -0.0000  -0.0004  -0.0000  -0.0000
   0.0206  -0.0000  -0.0128  -0.0033   0.0052   0.0160   0.0039   1.0000   0.0004   0.9711   0.0004  -0.0000
   0.0000   0.0040  -0.0014  -0.0000   0.0000  -0.0009  -0.0000   0.0004   1.0000   0.0004   0.9935  -0.0007
  -0.0110  -0.0000   0.0070   0.0039  -0.0039  -0.0086  -0.0004   0.9711   0.0004   1.0000   0.0004  -0.0000
   0.0000  -0.0052   0.0017  -0.0000   0.0000   0.0012  -0.0000   0.0004   0.9935   0.0004   1.0000   0.0010
  -0.0000   0.4315  -0.1447  -0.0000   0.0000  -0.1006  -0.0000  -0.0000  -0.0007  -0.0000   0.0010   1.0000
