
  RooFitResult: minimized FCN value: -25324.1, estimated distance to minimum: 4.38257e-05
                covariance matrix quality: Full matrix, but forced positive-definite
                Status : MINIMIZE=1 HESSE=1 MINOS=1 

    Constant Parameter    Value     
  --------------------  ------------
            peakFail_6    9.1188e+01

    Floating Parameter  InitialValue    FinalValue (+HiError,-LoError)    GblCorr.
  --------------------  ------------  ----------------------------------  --------
              NbkgFail    1.5629e+03    1.5628e+03 (+8.57e+01,-8.27e+01)  <none>
              NbkgPass    9.8996e+01    9.8959e+01 (+3.13e+01,-3.01e+01)  <none>
                  Nsig    6.3051e+03    6.3053e+03 (+1.12e+02,-1.13e+02)  <none>
            alfaFail_6    2.4731e+02    2.4734e+02 (+2.66e+00,-2.01e+02)  <none>
            betaFail_6    1.7320e-02    1.7333e-02 (+4.40e-03,-5.83e-03)  <none>
                   eff    7.0466e-01    7.0466e-01 (+8.44e-03,-1.01e-02)  <none>
           gammaFail_6    1.0972e-01    1.0987e-01 (+5.50e-02,-7.76e-02)  <none>
            meanFail_6    9.4298e-01    9.4289e-01 (+1.70e-01,-1.65e-01)  <none>
            meanPass_6    4.7701e-01    4.5754e-01         +/-  1.08e+00  <none>
           sigmaFail_6    1.1167e+00    1.1167e+00 (+2.75e-01,-2.87e-01)  <none>
           sigmaPass_6    5.2962e-01    5.1897e-01 (+2.70e-01,-5.99e-01)  <none>
               tPass_6   -3.7572e-02   -3.7578e-02 (+1.33e-02,-1.75e-02)  <none>


  Correlation Matrix
 --------------------
   1.0000  -0.0001  -0.4359  -0.1683   0.2916   0.5784   0.0972   0.0485  -0.0001  -0.2624  -0.0001  -0.0000
  -0.0001   1.0000  -0.2718   0.0000  -0.0001  -0.1513  -0.0000  -0.0000   0.0024   0.0001  -0.0058   0.1551
  -0.4359  -0.2718   1.0000   0.1124  -0.1948  -0.3404  -0.0649  -0.0324  -0.0007   0.1753   0.0018  -0.0471
  -0.1683   0.0000   0.1124   1.0000  -0.6175  -0.1492   0.5906  -0.0082   0.0007   0.0819   0.0007   0.0001
   0.2916  -0.0001  -0.1948  -0.6175   1.0000   0.2585   0.2665  -0.0040  -0.0004  -0.1452  -0.0004  -0.0000
   0.5784  -0.1513  -0.3404  -0.1492   0.2585   1.0000   0.0861   0.0430  -0.0005  -0.2326   0.0009  -0.0263
   0.0972  -0.0000  -0.0649   0.5906   0.2665   0.0861   1.0000   0.0041   0.0005  -0.0483   0.0005   0.0000
   0.0485  -0.0000  -0.0324  -0.0082  -0.0040   0.0430   0.0041   1.0000  -0.0000  -0.0584  -0.0000  -0.0000
  -0.0001   0.0024  -0.0007   0.0007  -0.0004  -0.0005   0.0005  -0.0000   1.0000   0.0001   0.9934  -0.0043
  -0.2624   0.0001   0.1753   0.0819  -0.1452  -0.2326  -0.0483  -0.0584   0.0001   1.0000   0.0001   0.0000
  -0.0001  -0.0058   0.0018   0.0007  -0.0004   0.0009   0.0005  -0.0000   0.9934   0.0001   1.0000   0.0032
  -0.0000   0.1551  -0.0471   0.0001  -0.0000  -0.0263   0.0000  -0.0000  -0.0043   0.0000   0.0032   1.0000
