
  RooFitResult: minimized FCN value: -11543.6, estimated distance to minimum: 0.0408436
                covariance matrix quality: Full matrix, but forced positive-definite
                Status : MINIMIZE=1 HESSE=1 MINOS=-1 

    Constant Parameter    Value     
  --------------------  ------------
           peakFail_10    9.1188e+01

    Floating Parameter  InitialValue    FinalValue +/-  Error     GblCorr.
  --------------------  ------------  --------------------------  --------
              NbkgFail    7.3987e+02    7.3987e+02 +/-  4.24e+01  <none>
              NbkgPass    1.3459e+01    1.3460e+01 +/-  2.06e+01  <none>
                  Nsig    3.7288e+03    3.7288e+03 +/-  7.09e+01  <none>
           alfaFail_10    1.5375e+02    2.3994e+02 +/-  2.05e+02  <none>
           betaFail_10    5.5571e-06    2.2543e-05 +/-  8.73e+00  <none>
                   eff    6.9477e-01    6.9477e-01 +/-  9.71e-03  <none>
          gammaFail_10    1.2096e-02    1.2101e-02 +/-  3.43e-02  <none>
           meanFail_10    1.9590e-01    1.9587e-01 +/-  3.67e-01  <none>
           meanPass_10    1.0430e-03    1.0442e-03 +/-  2.57e-04  <none>
          sigmaFail_10    6.3612e-01    6.3616e-01 +/-  5.85e-01  <none>
          sigmaPass_10    2.6603e-02    2.6603e-02 +/-  4.03e-07  <none>
              tPass_10   -8.7924e-02   -8.7919e-02 +/-  1.47e-01  <none>


  Correlation Matrix
 --------------------
   1.0000  -0.0006  -0.3524  -0.0008  -0.0427   0.4818  -0.0373   0.0101  -0.0001  -0.0127  -0.0000  -0.0004
  -0.0006   1.0000  -0.2719   0.0000   0.0001  -0.1639   0.0000  -0.0000   0.1299   0.0000   0.0201   0.6948
  -0.3524  -0.2719   1.0000   0.0005   0.0252  -0.2381   0.0220  -0.0060  -0.0365   0.0075  -0.0056  -0.1951
  -0.0008   0.0000   0.0005   1.0000   0.0171  -0.0007   0.0189  -0.0004   0.0000   0.0004  -0.0000   0.0000
  -0.0427   0.0001   0.0252   0.0171   1.0000  -0.0344   0.9974  -0.0235   0.0000   0.0208  -0.0000   0.0001
   0.4818  -0.1639  -0.2381  -0.0007  -0.0344   1.0000  -0.0301   0.0082  -0.0220  -0.0103  -0.0034  -0.1176
  -0.0373   0.0000   0.0220   0.0189   0.9974  -0.0301   1.0000  -0.0206   0.0000   0.0184  -0.0000   0.0001
   0.0101  -0.0000  -0.0060  -0.0004  -0.0235   0.0082  -0.0206   1.0000   0.0000   0.9511  -0.0000  -0.0000
  -0.0001   0.1299  -0.0365   0.0000   0.0000  -0.0220   0.0000   0.0000   1.0000   0.0000  -0.0141   0.0473
  -0.0127   0.0000   0.0075   0.0004   0.0208  -0.0103   0.0184   0.9511   0.0000   1.0000   0.0000   0.0000
  -0.0000   0.0201  -0.0056  -0.0000  -0.0000  -0.0034  -0.0000  -0.0000  -0.0141   0.0000   1.0000  -0.0208
  -0.0004   0.6948  -0.1951   0.0000   0.0001  -0.1176   0.0001  -0.0000   0.0473   0.0000  -0.0208   1.0000
