
  RooFitResult: minimized FCN value: -16164.4, estimated distance to minimum: 9.14264e-06
                covariance matrix quality: Full matrix, but forced positive-definite
                Status : MINIMIZE=1 HESSE=1 MINOS=1 

    Constant Parameter    Value     
  --------------------  ------------
            peakFail_8    9.1188e+01

    Floating Parameter  InitialValue    FinalValue (+HiError,-LoError)    GblCorr.
  --------------------  ------------  ----------------------------------  --------
              NbkgFail    8.3594e+02    8.3594e+02 (+4.86e+01,-4.77e+01)  <none>
              NbkgPass    3.6469e+01    3.6469e+01 (+2.45e+01,-2.41e+01)  <none>
                  Nsig    4.8516e+03    4.8516e+03 (+8.33e+01,-8.26e+01)  <none>
            alfaFail_8    1.6030e+02    2.3800e+02 (+1.20e+01,-1.28e+02)  <none>
            betaFail_8    5.5238e-05    5.4864e-05 (+1.00e+01,-5.49e-05)  <none>
                   eff    4.7583e-01    4.7583e-01 (+8.50e-03,-8.47e-03)  <none>
           gammaFail_8    1.1761e-02    1.1761e-02         +/-  1.60e-02  <none>
            meanFail_8    3.1533e-02    3.1533e-02         +/-  1.24e-01  <none>
            meanPass_8    1.6428e-01    1.6428e-01 (+6.42e-01,-4.98e-01)  <none>
           sigmaFail_8    2.3573e-01    2.3573e-01 (+7.35e-01,-4.50e-01)  <none>
           sigmaPass_8    4.0028e-01    4.0028e-01         +/-  5.87e-01  <none>
               tPass_8   -1.9607e-02   -1.9607e-02 (+1.96e-02,-2.51e-02)  <none>


  Correlation Matrix
 --------------------
   1.0000  -0.0000  -0.3704  -0.0001   0.0005   0.3551   0.0185   0.0035  -0.0002  -0.0032  -0.0002   0.0000
  -0.0000   1.0000  -0.2722   0.0000  -0.0002  -0.2874  -0.0001   0.0004   0.0024   0.0004  -0.0020  -0.4232
  -0.3704  -0.2722   1.0000   0.0000  -0.0004  -0.1224  -0.0108  -0.0021  -0.0006   0.0018   0.0007   0.1229
  -0.0001   0.0000   0.0000   1.0000   0.0202  -0.0001   0.0535  -0.0074  -0.0015  -0.0073  -0.0015  -0.0001
   0.0005  -0.0002  -0.0004   0.0202   1.0000   0.0002   0.9873  -0.1088  -0.0662  -0.1083  -0.0661  -0.0005
   0.3551  -0.2874  -0.1224  -0.0001   0.0002   1.0000   0.0102   0.0017  -0.0009  -0.0020   0.0005   0.1298
   0.0185  -0.0001  -0.0108   0.0535   0.9873   0.0102   1.0000  -0.1063  -0.0655  -0.1083  -0.0653  -0.0005
   0.0035   0.0004  -0.0021  -0.0074  -0.1088   0.0017  -0.1063   1.0000   0.0300   0.9972   0.0300  -0.0001
  -0.0002   0.0024  -0.0006  -0.0015  -0.0662  -0.0009  -0.0655   0.0300   1.0000   0.0301   0.9975  -0.0045
  -0.0032   0.0004   0.0018  -0.0073  -0.1083  -0.0020  -0.1083   0.9972   0.0301   1.0000   0.0300  -0.0001
  -0.0002  -0.0020   0.0007  -0.0015  -0.0661   0.0005  -0.0653   0.0300   0.9975   0.0300   1.0000   0.0041
   0.0000  -0.4232   0.1229  -0.0001  -0.0005   0.1298  -0.0005  -0.0001  -0.0045  -0.0001   0.0041   1.0000
