
  RooFitResult: minimized FCN value: -1229.85, estimated distance to minimum: 0.000256293
                covariance matrix quality: Full, accurate covariance matrix
                Status : MINIMIZE=1 HESSE=1 MINOS=1 

    Constant Parameter    Value     
  --------------------  ------------
            peakFail_2    9.1188e+01

    Floating Parameter  InitialValue    FinalValue (+HiError,-LoError)    GblCorr.
  --------------------  ------------  ----------------------------------  --------
              NbkgFail    1.1663e+02    1.1659e+02 (+3.27e+01,-3.08e+01)  <none>
              NbkgPass    2.2694e+01    2.2694e+01 (+1.32e+01,-1.17e+01)  <none>
                  Nsig    1.0247e+03    1.0247e+03 (+4.55e+01,-4.47e+01)  <none>
            alfaFail_2    2.2627e+02    2.3074e+02 (+1.93e+01,-2.26e+02)  <none>
            betaFail_2    3.4317e-03    3.2886e-03 (+5.54e-02,-3.29e-03)  <none>
                   eff    4.5507e-01    4.5506e-01 (+2.16e-02,-2.10e-02)  <none>
           gammaFail_2    7.7308e-04    4.8613e-04 (+9.75e-01,-4.86e-04)  <none>
            meanFail_2    8.0307e-02    8.0366e-02         +/-  1.65e+00  <none>
            meanPass_2    1.2105e+00    1.2105e+00         +/-  8.13e-01  <none>
           sigmaFail_2    5.9783e-01    5.9783e-01 (+1.43e+00,-4.70e+00)  <none>
           sigmaPass_2    8.2333e-01    8.2335e-01 (+5.69e-01,-7.67e-01)  <none>
               tPass_2   -5.5899e-02   -5.5899e-02 (+2.45e-02,-4.67e-02)  <none>


  Correlation Matrix
 --------------------
   1.0000  -0.0000  -0.6107  -0.0659   0.0032   0.5746   0.1004   0.0217   0.0000   0.0010  -0.0000   0.0000
  -0.0000   1.0000  -0.2414  -0.0000   0.0000  -0.2719   0.0000   0.0003   0.2389   0.0003  -0.2524   0.4676
  -0.6107  -0.2414   1.0000   0.0457  -0.0023  -0.3223  -0.0697  -0.0152  -0.0672  -0.0008   0.0710  -0.1316
  -0.0659  -0.0000   0.0457   1.0000  -0.4350  -0.0430   0.2091  -0.0008   0.0000  -0.0010  -0.0000  -0.0001
   0.0032   0.0000  -0.0023  -0.4350   1.0000   0.0021   0.7709  -0.0129   0.0000  -0.0005  -0.0000   0.0001
   0.5746  -0.2719  -0.3223  -0.0430   0.0021   1.0000   0.0655   0.0141  -0.0757   0.0005   0.0800  -0.1482
   0.1004   0.0000  -0.0697   0.2091   0.7709   0.0655   1.0000  -0.0054   0.0001  -0.0006  -0.0000  -0.0000
   0.0217   0.0003  -0.0152  -0.0008  -0.0129   0.0141  -0.0054   1.0000   0.0002   0.9947  -0.0002   0.0004
   0.0000   0.2389  -0.0672   0.0000   0.0000  -0.0757   0.0001   0.0002   1.0000   0.0002  -0.8729   0.1430
   0.0010   0.0003  -0.0008  -0.0010  -0.0005   0.0005  -0.0006   0.9947   0.0002   1.0000  -0.0002   0.0004
  -0.0000  -0.2524   0.0710  -0.0000  -0.0000   0.0800  -0.0000  -0.0002  -0.8729  -0.0002   1.0000  -0.2229
   0.0000   0.4676  -0.1316  -0.0001   0.0001  -0.1482  -0.0000   0.0004   0.1430   0.0004  -0.2229   1.0000
