
  RooFitResult: minimized FCN value: -21228.9, estimated distance to minimum: 0.000192395
                covariance matrix quality: Full matrix, but forced positive-definite
                Status : MINIMIZE=1 HESSE=1 MINOS=1 

    Constant Parameter    Value     
  --------------------  ------------
            peakFail_7    9.1188e+01

    Floating Parameter  InitialValue    FinalValue (+HiError,-LoError)    GblCorr.
  --------------------  ------------  ----------------------------------  --------
              NbkgFail    1.1941e+03    1.1940e+03 (+6.19e+01,-6.77e+01)  <none>
              NbkgPass    7.8716e+01    7.8862e+01 (+3.13e+01,-3.00e+01)  <none>
                  Nsig    5.6990e+03    5.6991e+03 (+1.01e+02,-9.99e+01)  <none>
            alfaFail_7    2.4999e+02    2.5000e+02 (+4.40e-03,-2.45e+02)  <none>
            betaFail_7    1.4244e-02    1.4244e-02 (+5.56e-03,-9.83e-03)  <none>
                   eff    6.7666e-01    6.7662e-01 (+9.33e-03,-9.48e-03)  <none>
           gammaFail_7    7.8353e-02    7.8334e-02 (+2.85e-02,-7.00e-02)  <none>
            meanFail_7    4.0519e-02    4.0516e-02         +/-  6.00e-02  <none>
            meanPass_7    7.2353e-02    7.2369e-02 (+6.60e-01,-5.62e-02)  <none>
           sigmaFail_7    2.4660e-01    2.4660e-01 (+8.05e-01,-1.82e-01)  <none>
           sigmaPass_7    2.5063e-01    2.5060e-01 (+5.77e-01,-9.72e-02)  <none>
               tPass_7   -3.9818e-02   -3.9771e-02 (+1.49e-02,-1.82e-02)  <none>


  Correlation Matrix
 --------------------
   1.0000  -0.0005  -0.4479  -0.4475   0.4258   0.5754   0.4574   0.0092   0.0000  -0.0086   0.0000  -0.0001
  -0.0005   1.0000  -0.2851   0.0003  -0.0003  -0.1755  -0.0003  -0.0000   0.0080   0.0000  -0.0083   0.1568
  -0.4479  -0.2851   1.0000   0.2896  -0.2756  -0.3177  -0.2960  -0.0059  -0.0025   0.0055   0.0026  -0.0489
  -0.4475   0.0003   0.2896   1.0000  -0.8642  -0.3721  -0.9449   0.0007  -0.0000  -0.0011  -0.0000   0.0001
   0.4258  -0.0003  -0.2756  -0.8642   1.0000   0.3541   0.9774  -0.0014   0.0000   0.0018   0.0000  -0.0001
   0.5754  -0.1755  -0.3177  -0.3721   0.3541   1.0000   0.3803   0.0076  -0.0015  -0.0071   0.0016  -0.0301
   0.4574  -0.0003  -0.2960  -0.9449   0.9774   0.3803   1.0000   0.0004   0.0000   0.0001   0.0000  -0.0001
   0.0092  -0.0000  -0.0059   0.0007  -0.0014   0.0076   0.0004   1.0000   0.0001   0.9766   0.0001  -0.0000
   0.0000   0.0080  -0.0025  -0.0000   0.0000  -0.0015   0.0000   0.0001   1.0000   0.0001   0.9775  -0.0047
  -0.0086   0.0000   0.0055  -0.0011   0.0018  -0.0071   0.0001   0.9766   0.0001   1.0000   0.0001  -0.0000
   0.0000  -0.0083   0.0026  -0.0000   0.0000   0.0016   0.0000   0.0001   0.9775   0.0001   1.0000   0.0050
  -0.0001   0.1568  -0.0489   0.0001  -0.0001  -0.0301  -0.0001  -0.0000  -0.0047  -0.0000   0.0050   1.0000
