
  RooFitResult: minimized FCN value: -2870.5, estimated distance to minimum: 1.13336e-05
                covariance matrix quality: Full matrix, but forced positive-definite
                Status : MINIMIZE=1 HESSE=1 MINOS=1 

    Constant Parameter    Value     
  --------------------  ------------
           peakFail_14    9.1188e+01

    Floating Parameter  InitialValue    FinalValue (+HiError,-LoError)    GblCorr.
  --------------------  ------------  ----------------------------------  --------
              NbkgFail    3.7744e+01    3.7717e+01         +/-  2.56e+01  <none>
              NbkgPass    1.5975e+00    1.6024e+00 (+5.15e+00,-3.44e+00)  <none>
                  Nsig    1.5206e+03    1.5207e+03         +/-  4.63e+01  <none>
           alfaFail_14    1.8203e+02    1.8198e+02 (+6.80e+01,-8.21e+01)  <none>
           betaFail_14    3.8495e-02    3.8500e-02 (+1.63e-02,-3.08e-02)  <none>
                   eff    6.9207e-01    6.9206e-01 (+1.64e-02,-1.58e-02)  <none>
          gammaFail_14    2.3017e-01    2.3008e-01         +/-  2.47e-01  <none>
           meanFail_14    1.9992e+00    1.9992e+00         +/-  7.78e-03  <none>
           meanPass_14    1.7857e+00    1.7857e+00         +/-  5.60e-01  <none>
          sigmaFail_14    2.6887e-02    2.6883e-02         +/-  1.46e-01  <none>
          sigmaPass_14    5.2055e-01    5.2063e-01         +/-  6.58e-01  <none>
              tPass_14   -9.7278e-02   -9.7063e-02 (+9.71e-02,-1.78e-01)  <none>


  Correlation Matrix
 --------------------
   1.0000  -0.0001  -0.5222  -0.1098   0.0555   0.6719   0.0930  -0.0125   0.0001  -0.0101  -0.0001  -0.0000
  -0.0001   1.0000  -0.0641   0.0003  -0.0001  -0.0368   0.0002  -0.0002   0.0017   0.0002   0.0014   0.5389
  -0.5222  -0.0641   1.0000   0.0608  -0.0307  -0.3693  -0.0515   0.0069  -0.0002   0.0056  -0.0000  -0.0399
  -0.1098   0.0003   0.0608   1.0000  -0.3926  -0.0782   0.6706  -0.0015  -0.0009   0.0108   0.0009   0.0002
   0.0555  -0.0001  -0.0307  -0.3926   1.0000   0.0395   0.3975  -0.0123   0.0002  -0.0117  -0.0002  -0.0001
   0.6719  -0.0368  -0.3693  -0.0782   0.0395   1.0000   0.0663  -0.0089   0.0000  -0.0072  -0.0002  -0.0229
   0.0930   0.0002  -0.0515   0.6706   0.3975   0.0663   1.0000  -0.0122  -0.0007   0.0004   0.0007   0.0001
  -0.0125  -0.0002   0.0069  -0.0015  -0.0123  -0.0089  -0.0122   1.0000  -0.0018  -0.9957   0.0017  -0.0002
   0.0001   0.0017  -0.0002  -0.0009   0.0002   0.0000  -0.0007  -0.0018   1.0000   0.0018  -0.9940   0.0011
  -0.0101   0.0002   0.0056   0.0108  -0.0117  -0.0072   0.0004  -0.9957   0.0018   1.0000  -0.0017   0.0002
  -0.0001   0.0014  -0.0000   0.0009  -0.0002  -0.0002   0.0007   0.0017  -0.9940  -0.0017   1.0000   0.0010
  -0.0000   0.5389  -0.0399   0.0002  -0.0001  -0.0229   0.0001  -0.0002   0.0011   0.0002   0.0010   1.0000
