
  RooFitResult: minimized FCN value: -26199.9, estimated distance to minimum: 9.843e-05
                covariance matrix quality: Full matrix, but forced positive-definite
                Status : MINIMIZE=1 HESSE=1 MINOS=1 

    Constant Parameter    Value     
  --------------------  ------------
            peakFail_5    9.1188e+01

    Floating Parameter  InitialValue    FinalValue (+HiError,-LoError)    GblCorr.
  --------------------  ------------  ----------------------------------  --------
              NbkgFail    1.3778e+03    1.3774e+03 (+8.96e+01,-8.84e+01)  <none>
              NbkgPass    7.6990e+01    7.6958e+01 (+3.09e+01,-2.88e+01)  <none>
                  Nsig    6.6652e+03    6.6657e+03 (+1.19e+02,-1.18e+02)  <none>
            alfaFail_5    2.2476e+02    2.2455e+02 (+2.55e+01,-2.49e+01)  <none>
            betaFail_5    2.4297e-02    2.4264e-02 (+3.72e-03,-4.38e-03)  <none>
                   eff    6.8700e-01    6.8696e-01 (+1.03e-02,-1.01e-02)  <none>
           gammaFail_5    1.7287e-01    1.7217e-01 (+8.75e-02,-2.68e-02)  <none>
            meanFail_5    8.9306e-01    8.9438e-01         +/-  2.65e-01  <none>
            meanPass_5    9.2521e-01    9.2534e-01         +/-  1.85e-01  <none>
           sigmaFail_5    8.2443e-01    8.2419e-01 (+2.86e-01,-2.98e-01)  <none>
           sigmaPass_5    7.3462e-01    7.3402e-01 (+1.30e-01,-1.68e-01)  <none>
               tPass_5   -5.7387e-02   -5.7372e-02 (+1.77e-02,-2.70e-02)  <none>


  Correlation Matrix
 --------------------
   1.0000  -0.0001  -0.4958  -0.2073   0.3960   0.6296   0.1827  -0.0986   0.0000  -0.3340   0.0000  -0.0000
  -0.0001   1.0000  -0.2566   0.0000  -0.0000  -0.1485  -0.0000   0.0000   0.0225   0.0000  -0.1011   0.4340
  -0.4958  -0.2566   1.0000   0.1402  -0.2679  -0.3842  -0.1236   0.0667  -0.0063   0.2260   0.0284  -0.1219
  -0.2073   0.0000   0.1402   1.0000  -0.5339  -0.1781   0.5377   0.0462  -0.0000   0.1196  -0.0000   0.0000
   0.3960  -0.0000  -0.2679  -0.5339   1.0000   0.3402   0.4229  -0.1090   0.0000  -0.2370   0.0000  -0.0000
   0.6296  -0.1485  -0.3842  -0.1781   0.3402   1.0000   0.1570  -0.0847  -0.0036  -0.2869   0.0164  -0.0706
   0.1827  -0.0000  -0.1236   0.5377   0.4229   0.1570   1.0000  -0.0431  -0.0000  -0.1104  -0.0000  -0.0000
  -0.0986   0.0000   0.0667   0.0462  -0.1090  -0.0847  -0.0431   1.0000  -0.0000   0.3943  -0.0000   0.0000
   0.0000   0.0225  -0.0063  -0.0000   0.0000  -0.0036  -0.0000  -0.0000   1.0000  -0.0000   0.4220  -0.0740
  -0.3340   0.0000   0.2260   0.1196  -0.2370  -0.2869  -0.1104   0.3943  -0.0000   1.0000  -0.0000   0.0000
   0.0000  -0.1011   0.0284  -0.0000   0.0000   0.0164  -0.0000  -0.0000   0.4220  -0.0000   1.0000  -0.1274
  -0.0000   0.4340  -0.1219   0.0000  -0.0000  -0.0706  -0.0000   0.0000  -0.0740   0.0000  -0.1274   1.0000
