
  RooFitResult: minimized FCN value: -16327.3, estimated distance to minimum: 0.000173393
                covariance matrix quality: Full, accurate covariance matrix
                Status : MINIMIZE=1 HESSE=1 MINOS=1 

    Constant Parameter    Value     
  --------------------  ------------
           peakFail_12    9.1188e+01

    Floating Parameter  InitialValue    FinalValue (+HiError,-LoError)    GblCorr.
  --------------------  ------------  ----------------------------------  --------
              NbkgFail    3.0724e+02    3.0723e+02 (+3.73e+01,-3.72e+01)  <none>
              NbkgPass    1.0082e-02    1.0001e-02         +/-  5.99e+00  <none>
                  Nsig    4.7828e+03    4.7828e+03 (+7.62e+01,-7.66e+01)  <none>
           alfaFail_12    2.4987e+02    2.4990e+02 (+1.03e-01,-1.23e+02)  <none>
           betaFail_12    1.7150e-02    1.7148e-02 (+1.21e-02,-1.41e-02)  <none>
                   eff    8.2525e-01    8.2525e-01         +/-  7.89e-03  <none>
          gammaFail_12    9.1291e-02    9.1275e-02 (+1.22e-01,-9.13e-02)  <none>
           meanFail_12    8.5670e-01    8.5658e-01 (+2.08e-01,-2.12e-01)  <none>
           meanPass_12    4.5330e-01    4.1441e-01         +/-  1.60e+00  <none>
          sigmaFail_12    1.0776e+00    1.0780e+00         +/-  4.43e-01  <none>
          sigmaPass_12    5.4229e-01    5.1852e-01 (+2.24e-01,-9.36e-01)  <none>
              tPass_12   -1.1441e-05   -3.6895e-06 (+5.83e-01,-1.00e+00)  <none>


  Correlation Matrix
 --------------------
   1.0000   0.0000  -0.3784  -0.0317   0.6629   0.6336   0.5332  -0.0712  -0.0000  -0.4056  -0.0000  -0.0000
   0.0000   1.0000  -0.0013   0.0000   0.0000  -0.0005   0.0000  -0.0000   0.0000  -0.0000  -0.0000  -0.0100
  -0.3784  -0.0013   1.0000   0.0154  -0.3223  -0.3080  -0.2592   0.0346   0.0000   0.1972   0.0000   0.0000
  -0.0317   0.0000   0.0154   1.0000  -0.1054  -0.0258   0.5612   0.0027   0.0000   0.0174  -0.0000  -0.0001
   0.6629   0.0000  -0.3223  -0.1054   1.0000   0.5397   0.7635  -0.0856  -0.0000  -0.3790  -0.0000  -0.0000
   0.6336  -0.0005  -0.3080  -0.0258   0.5397   1.0000   0.4341  -0.0580  -0.0000  -0.3302  -0.0000  -0.0000
   0.5332   0.0000  -0.2592   0.5612   0.7635   0.4341   1.0000  -0.0651  -0.0000  -0.3056  -0.0000  -0.0001
  -0.0712  -0.0000   0.0346   0.0027  -0.0856  -0.0580  -0.0651   1.0000  -0.0000   0.2267  -0.0000   0.0000
  -0.0000   0.0000   0.0000   0.0000  -0.0000  -0.0000  -0.0000  -0.0000   1.0000   0.0000   0.9979  -0.0000
  -0.4056  -0.0000   0.1972   0.0174  -0.3790  -0.3302  -0.3056   0.2267   0.0000   1.0000   0.0000   0.0000
  -0.0000  -0.0000   0.0000  -0.0000  -0.0000  -0.0000  -0.0000  -0.0000   0.9979   0.0000   1.0000  -0.0000
  -0.0000  -0.0100   0.0000  -0.0001  -0.0000  -0.0000  -0.0001   0.0000  -0.0000   0.0000  -0.0000   1.0000
