
  RooFitResult: minimized FCN value: -11510.3, estimated distance to minimum: 3.12276e-07
                covariance matrix quality: Full matrix, but forced positive-definite
                Status : MINIMIZE=1 HESSE=1 MINOS=1 

    Constant Parameter    Value     
  --------------------  ------------
            peakFail_1    9.1188e+01

    Floating Parameter  InitialValue    FinalValue (+HiError,-LoError)    GblCorr.
  --------------------  ------------  ----------------------------------  --------
              NbkgFail    7.8896e+02    7.8896e+02 (+5.88e+01,-4.84e+01)  <none>
              NbkgPass    3.8050e+01    3.8050e+01 (+2.45e+01,-2.35e+01)  <none>
                  Nsig    3.6810e+03    3.6810e+03 (+7.53e+01,-8.29e+01)  <none>
            alfaFail_1    2.4999e+02    2.4999e+02 (+1.16e-02,-2.45e+02)  <none>
            betaFail_1    1.0547e-02    1.0549e-02 (+3.70e-03,-1.05e-02)  <none>
                   eff    6.7996e-01    6.7997e-01 (+1.19e-02,-1.08e-02)  <none>
           gammaFail_1    4.7935e-02    4.7940e-02         +/-  2.59e-02  <none>
            meanFail_1    1.2472e-03    1.2470e-03 (+2.10e-01,-1.05e-01)  <none>
            meanPass_1    2.7174e-03    2.7175e-03         +/-  6.23e-03  <none>
           sigmaFail_1    2.0086e-01    2.0081e-01         +/-  4.06e+00  <none>
           sigmaPass_1    5.2446e-02    5.2445e-02         +/-  5.99e-02  <none>
               tPass_1   -5.6721e-02   -5.6720e-02         +/-  3.40e-02  <none>


  Correlation Matrix
 --------------------
   1.0000  -0.0001  -0.4141  -0.0518   0.2385   0.5407   0.2225   0.0016   0.0001  -0.0014   0.0001  -0.0000
  -0.0001   1.0000  -0.2905  -0.0001   0.0001  -0.1785   0.0000  -0.0010   0.0040  -0.0010  -0.0043   0.4679
  -0.4141  -0.2905   1.0000   0.0328  -0.1510  -0.2865  -0.1408  -0.0008  -0.0013   0.0011   0.0013  -0.1459
  -0.0518  -0.0001   0.0328   1.0000  -0.2689  -0.0428   0.2907  -0.0152  -0.0027  -0.0150  -0.0027  -0.0000
   0.2385   0.0001  -0.1510  -0.2689   1.0000   0.1971   0.8387   0.0014   0.0005   0.0030   0.0005   0.0001
   0.5407  -0.1785  -0.2865  -0.0428   0.1971   1.0000   0.1839   0.0016  -0.0007  -0.0008   0.0009  -0.0897
   0.2225   0.0000  -0.1408   0.2907   0.8387   0.1839   1.0000  -0.0061  -0.0010  -0.0063  -0.0010   0.0000
   0.0016  -0.0010  -0.0008  -0.0152   0.0014   0.0016  -0.0061   1.0000   0.0106   0.9966   0.0106  -0.0005
   0.0001   0.0040  -0.0013  -0.0027   0.0005  -0.0007  -0.0010   0.0106   1.0000   0.0106   0.9955  -0.0004
  -0.0014  -0.0010   0.0011  -0.0150   0.0030  -0.0008  -0.0063   0.9966   0.0106   1.0000   0.0107  -0.0005
   0.0001  -0.0043   0.0013  -0.0027   0.0005   0.0009  -0.0010   0.0106   0.9955   0.0107   1.0000   0.0007
  -0.0000   0.4679  -0.1459  -0.0000   0.0001  -0.0897   0.0000  -0.0005  -0.0004  -0.0005   0.0007   1.0000
