
  RooFitResult: minimized FCN value: -39788, estimated distance to minimum: 2.07403e-06
                covariance matrix quality: Full matrix, but forced positive-definite
                Status : MINIMIZE=1 HESSE=1 MINOS=1 

    Constant Parameter    Value     
  --------------------  ------------
           peakFail_20    9.1188e+01

    Floating Parameter  InitialValue    FinalValue (+HiError,-LoError)    GblCorr.
  --------------------  ------------  ----------------------------------  --------
              NbkgFail    1.0281e-02    1.0063e-02 (+1.42e-03,-6.31e-05)  <none>
              NbkgPass    1.1177e+01    1.1032e+01         +/-  3.02e-01  <none>
                  Nsig    1.0208e+04    1.0208e+04         +/-  1.52e+00  <none>
           alfaFail_20    1.7255e+02    1.6801e+02 (+8.20e+01,-1.14e+01)  <none>
           betaFail_20    4.4133e-02    5.1407e-02 (+2.63e-02,-5.14e-02)  <none>
                   eff    7.1541e-01    7.1542e-01         +/-  6.70e-05  <none>
          gammaFail_20    3.3986e-01    4.1897e-01         +/-  2.62e-02  <none>
           meanFail_20    2.5141e-01    2.5139e-01         +/-  1.47e-03  <none>
           meanPass_20    7.3561e-01    7.3563e-01         +/-  8.14e-04  <none>
          sigmaFail_20    2.3977e+00    2.3977e+00         +/-  6.96e-03  <none>
          sigmaPass_20    1.6340e+00    1.6340e+00         +/-  3.97e-03  <none>
              tPass_20   -1.0569e-02   -1.0471e-02 (+1.05e-02,-3.23e-02)  <none>


  Correlation Matrix
 --------------------
   1.0000  -0.0000   0.0000   0.0001  -0.0000  -0.0000   0.0000   0.0000  -0.0000  -0.0000  -0.0000  -0.0000
  -0.0000   1.0000  -0.0000   0.0000   0.0023  -0.0000   0.0000  -0.0000   0.0015   0.0022   0.0022   0.0023
   0.0000  -0.0000   1.0000   0.0000  -0.0000   0.0000   0.0000   0.0000  -0.0000  -0.0000  -0.0000  -0.0000
   0.0001   0.0000   0.0000   1.0000   0.0000  -0.0000   0.0000  -0.0000   0.0000   0.0000   0.0000   0.0000
  -0.0000   0.0023  -0.0000   0.0000   1.0000  -0.0000   0.0000  -0.0000   0.6393   0.9723   0.9723   0.9989
  -0.0000  -0.0000   0.0000  -0.0000  -0.0000   1.0000  -0.0000   0.0000  -0.0000  -0.0000  -0.0000  -0.0000
   0.0000   0.0000   0.0000   0.0000   0.0000  -0.0000   1.0000   0.0000   0.0000   0.0000   0.0000   0.0000
   0.0000  -0.0000   0.0000  -0.0000  -0.0000   0.0000   0.0000   1.0000  -0.0000  -0.0000  -0.0000  -0.0000
  -0.0000   0.0015  -0.0000   0.0000   0.6393  -0.0000   0.0000  -0.0000   1.0000   0.6216   0.6216   0.6386
  -0.0000   0.0022  -0.0000   0.0000   0.9723  -0.0000   0.0000  -0.0000   0.6216   1.0000   0.9454   0.9713
  -0.0000   0.0022  -0.0000   0.0000   0.9723  -0.0000   0.0000  -0.0000   0.6216   0.9454   1.0000   0.9713
  -0.0000   0.0023  -0.0000   0.0000   0.9989  -0.0000   0.0000  -0.0000   0.6386   0.9713   0.9713   1.0000
