
  RooFitResult: minimized FCN value: -17255.6, estimated distance to minimum: 4.00885e-05
                covariance matrix quality: Full matrix, but forced positive-definite
                Status : MINIMIZE=1 HESSE=1 MINOS=1 

    Constant Parameter    Value     
  --------------------  ------------
            peakFail_3    9.1188e+01

    Floating Parameter  InitialValue    FinalValue (+HiError,-LoError)    GblCorr.
  --------------------  ------------  ----------------------------------  --------
              NbkgFail    1.0364e+03    1.0364e+03 (+7.35e+01,-7.08e+01)  <none>
              NbkgPass    3.3082e+01    3.3113e+01 (+2.27e+01,-1.95e+01)  <none>
                  Nsig    4.9456e+03    4.9455e+03 (+9.76e+01,-9.77e+01)  <none>
            alfaFail_3    1.9430e+02    1.9432e+02 (+5.57e+01,-3.20e+01)  <none>
            betaFail_3    2.3213e-02    2.3213e-02 (+2.36e-02,-5.66e-03)  <none>
                   eff    4.9882e-01    4.9881e-01 (+9.97e-03,-9.76e-03)  <none>
           gammaFail_3    1.3613e-01    1.3614e-01         +/-  3.10e-02  <none>
            meanFail_3    2.8399e-01    2.8223e-01         +/-  8.06e-01  <none>
            meanPass_3    2.9694e-01    2.9688e-01 (+4.70e-01,-8.54e-01)  <none>
           sigmaFail_3    5.8712e-01    5.8465e-01 (+4.40e-01,-7.99e-01)  <none>
           sigmaPass_3    4.8835e-01    4.8814e-01 (+3.17e-01,-6.77e-01)  <none>
               tPass_3   -7.6913e-02   -7.6899e-02 (+3.34e-02,-8.14e-02)  <none>


  Correlation Matrix
 --------------------
   1.0000   0.0000  -0.4924  -0.1818   0.4211   0.4917   0.1958   0.0039  -0.0000  -0.0083  -0.0000   0.0000
   0.0000   1.0000  -0.2198   0.0000  -0.0000  -0.2204   0.0000   0.0000   0.0043   0.0000  -0.0049   0.5255
  -0.4924  -0.2198   1.0000   0.1237  -0.2867  -0.2825  -0.1333  -0.0027  -0.0010   0.0056   0.0012  -0.1246
  -0.1818   0.0000   0.1237   1.0000  -0.4979  -0.1236   0.6048  -0.0009   0.0002   0.0027   0.0002   0.0000
   0.4211  -0.0000  -0.2867  -0.4979   1.0000   0.2862   0.3863   0.0009  -0.0000  -0.0052  -0.0000  -0.0000
   0.4917  -0.2204  -0.2825  -0.1236   0.2862   1.0000   0.1331   0.0026  -0.0010  -0.0057   0.0012  -0.1249
   0.1958   0.0000  -0.1333   0.6048   0.3863   0.1331   1.0000   0.0010   0.0002  -0.0025   0.0002   0.0000
   0.0039   0.0000  -0.0027  -0.0009   0.0009   0.0026   0.0010   1.0000   0.0005   0.9948   0.0005   0.0000
  -0.0000   0.0043  -0.0010   0.0002  -0.0000  -0.0010   0.0002   0.0005   1.0000   0.0005   0.9965   0.0017
  -0.0083   0.0000   0.0056   0.0027  -0.0052  -0.0057  -0.0025   0.9948   0.0005   1.0000   0.0005   0.0000
  -0.0000  -0.0049   0.0012   0.0002  -0.0000   0.0012   0.0002   0.0005   0.9965   0.0005   1.0000  -0.0018
   0.0000   0.5255  -0.1246   0.0000  -0.0000  -0.1249   0.0000   0.0000   0.0017   0.0000  -0.0018   1.0000
