
  RooFitResult: minimized FCN value: -12438.2, estimated distance to minimum: 2.77056e-05
                covariance matrix quality: Full matrix, but forced positive-definite
                Status : MINIMIZE=1 HESSE=1 MINOS=1 

    Constant Parameter    Value     
  --------------------  ------------
           peakFail_30    9.1188e+01

    Floating Parameter  InitialValue    FinalValue (+HiError,-LoError)    GblCorr.
  --------------------  ------------  ----------------------------------  --------
              NbkgFail    3.8907e+02    3.8899e+02 (+3.59e+01,-3.52e+01)  <none>
              NbkgPass    3.8455e+00    3.8483e+00 (+2.07e+01,-3.84e+00)  <none>
                  Nsig    3.7611e+03    3.7612e+03 (+7.10e+01,-7.05e+01)  <none>
           alfaFail_30    2.4055e+02    2.4050e+02 (+9.50e+00,-4.02e+01)  <none>
           betaFail_30    2.5630e-02    2.5600e-02 (+5.63e-03,-7.24e-03)  <none>
                   eff    8.6415e-01    8.6413e-01 (+8.77e-03,-8.88e-03)  <none>
          gammaFail_30    1.8743e-01    1.8691e-01 (+1.10e-01,-1.87e-01)  <none>
           meanFail_30    1.0591e+00    1.0589e+00 (+1.94e-01,-1.97e-01)  <none>
           meanPass_30    1.1457e+00    1.1457e+00 (+5.75e-02,-5.75e-02)  <none>
          sigmaFail_30    1.3709e+00    1.3714e+00 (+3.40e-01,-2.78e-01)  <none>
          sigmaPass_30    1.1399e+00    1.1399e+00 (+7.59e-02,-7.21e-02)  <none>
              tPass_30   -3.4036e-07   -9.1454e-08 (+9.15e-08,-3.02e-02)  <none>


  Correlation Matrix
 --------------------
   1.0000  -0.0000  -0.2697  -0.1295   0.2929   0.5400   0.1372   0.0630  -0.0000  -0.2929   0.0000   0.0000
  -0.0000   1.0000  -0.2792   0.0000  -0.0000  -0.0879  -0.0000  -0.0000   0.0148   0.0000  -0.0574  -0.0309
  -0.2697  -0.2792   1.0000   0.0586  -0.1325  -0.2194  -0.0620  -0.0285  -0.0042   0.1325   0.0162   0.0087
  -0.1295   0.0000   0.0586   1.0000  -0.4771  -0.1174   0.5921  -0.0292   0.0002   0.0822  -0.0000   0.0000
   0.2929  -0.0000  -0.1325  -0.4771   1.0000   0.2653   0.4229   0.0541  -0.0001  -0.1828   0.0000  -0.0000
   0.5400  -0.0879  -0.2194  -0.1174   0.2653   1.0000   0.1242   0.0571  -0.0013  -0.2652   0.0051   0.0027
   0.1372  -0.0000  -0.0620   0.5921   0.4229   0.1242   1.0000   0.0309   0.0001  -0.0875  -0.0000   0.0000
   0.0630  -0.0000  -0.0285  -0.0292   0.0541   0.0571   0.0309   1.0000  -0.0000  -0.1671   0.0000  -0.0000
  -0.0000   0.0148  -0.0042   0.0002  -0.0001  -0.0013   0.0001  -0.0000   1.0000   0.0000  -0.0815  -0.0003
  -0.2929   0.0000   0.1325   0.0822  -0.1828  -0.2652  -0.0875  -0.1671   0.0000   1.0000  -0.0000   0.0000
   0.0000  -0.0574   0.0162  -0.0000   0.0000   0.0051  -0.0000   0.0000  -0.0815  -0.0000   1.0000   0.0017
   0.0000  -0.0309   0.0087   0.0000  -0.0000   0.0027   0.0000  -0.0000  -0.0003   0.0000   0.0017   1.0000
