
  RooFitResult: minimized FCN value: -2221.58, estimated distance to minimum: 0.000176769
                covariance matrix quality: Full matrix, but forced positive-definite
                Status : MINIMIZE=1 HESSE=1 MINOS=1 

    Constant Parameter    Value     
  --------------------  ------------
           peakFail_24    9.1188e+01

    Floating Parameter  InitialValue    FinalValue (+HiError,-LoError)    GblCorr.
  --------------------  ------------  ----------------------------------  --------
              NbkgFail    1.6749e+01    1.6761e+01 (+6.59e+00,-5.72e+00)  <none>
              NbkgPass    8.5427e+00    8.5441e+00 (+1.31e+01,-8.53e+00)  <none>
                  Nsig    1.3227e+03    1.3227e+03 (+3.88e+01,-3.82e+01)  <none>
           alfaFail_24    9.1836e+01    9.2404e+01         +/-  4.44e+01  <none>
           betaFail_24    1.1698e-01    1.1614e-01 (+7.31e-02,-1.07e-01)  <none>
                   eff    7.7300e-01    7.7301e-01 (+1.18e-02,-1.21e-02)  <none>
          gammaFail_24    7.7655e-01    7.8177e-01         +/-  8.89e-01  <none>
           meanFail_24    1.3308e+00    1.3318e+00 (+4.89e-01,-4.61e-01)  <none>
           meanPass_24    1.0974e+00    1.0974e+00 (+1.41e-01,-1.42e-01)  <none>
          sigmaFail_24    2.2853e+00    2.2852e+00 (+5.38e-01,-4.71e-01)  <none>
          sigmaPass_24    1.1789e+00    1.1789e+00 (+2.93e-01,-2.65e-01)  <none>
              tPass_24   -1.2689e-07   -8.3523e-09 (+8.35e-09,-1.71e-02)  <none>


  Correlation Matrix
 --------------------
   1.0000  -0.0000  -0.0878   0.0689  -0.1387   0.1645  -0.0439   0.1178   0.0000  -0.0960  -0.0000  -0.0000
  -0.0000   1.0000  -0.2914   0.0000   0.0000  -0.1604   0.0000   0.0000   0.0316   0.0000  -0.0658   0.0068
  -0.0878  -0.2914   1.0000  -0.0110   0.0220   0.0236   0.0069  -0.0187  -0.0098   0.0153   0.0204  -0.0021
   0.0689   0.0000  -0.0110   1.0000  -0.5826   0.0205   0.7921   0.0781  -0.0000  -0.0168  -0.0000   0.0000
  -0.1387   0.0000   0.0220  -0.5826   1.0000  -0.0413   0.0291  -0.1637   0.0000   0.0180   0.0000   0.0000
   0.1645  -0.1604   0.0236   0.0205  -0.0413   1.0000  -0.0131   0.0351  -0.0054  -0.0286   0.0112  -0.0012
  -0.0439   0.0000   0.0069   0.7921   0.0291  -0.0131   1.0000  -0.0272  -0.0000   0.0073  -0.0000   0.0000
   0.1178   0.0000  -0.0187   0.0781  -0.1637   0.0351  -0.0272   1.0000  -0.0000   0.2923  -0.0000   0.0000
   0.0000   0.0316  -0.0098  -0.0000   0.0000  -0.0054  -0.0000  -0.0000   1.0000  -0.0000   0.0375  -0.0002
  -0.0960   0.0000   0.0153  -0.0168   0.0180  -0.0286   0.0073   0.2923  -0.0000   1.0000  -0.0000   0.0000
  -0.0000  -0.0658   0.0204  -0.0000   0.0000   0.0112  -0.0000  -0.0000   0.0375  -0.0000   1.0000  -0.0005
  -0.0000   0.0068  -0.0021   0.0000   0.0000  -0.0012   0.0000   0.0000  -0.0002   0.0000  -0.0005   1.0000
