
  RooFitResult: minimized FCN value: -40361.9, estimated distance to minimum: 0.00234512
                covariance matrix quality: Full matrix, but forced positive-definite
                Status : MINIMIZE=1 HESSE=1 MINOS=1 

    Constant Parameter    Value     
  --------------------  ------------
           peakFail_15    9.1188e+01

    Floating Parameter  InitialValue    FinalValue (+HiError,-LoError)    GblCorr.
  --------------------  ------------  ----------------------------------  --------
              NbkgFail    4.4967e+02    4.4990e+02 (+6.19e+01,-4.21e+01)  <none>
              NbkgPass    1.2267e-02    2.3231e-02 (+2.14e+01,-1.32e-02)  <none>
                  Nsig    9.8944e+03    9.8937e+03 (+1.04e+02,-1.06e+02)  <none>
           alfaFail_15    2.4369e+02    2.4346e+02 (+6.54e+00,-4.35e+01)  <none>
           betaFail_15    1.8731e-02    1.8760e-02 (+8.16e-03,-1.02e-02)  <none>
                   eff    7.3405e-01    7.3408e-01         +/-  4.97e-03  <none>
          gammaFail_15    1.1124e-01    1.1143e-01 (+1.46e-01,-8.77e-02)  <none>
           meanFail_15    1.2455e+00    1.2512e+00 (+3.05e-01,-1.68e-01)  <none>
           meanPass_15    1.4877e+00    1.5843e+00         +/-  1.62e+00  <none>
          sigmaFail_15    8.2402e-01    8.1876e-01         +/-  2.90e-01  <none>
          sigmaPass_15    5.0138e-01    4.5144e-01 (+3.01e-01,-8.28e-01)  <none>
              tPass_15   -2.1043e-02   -2.4966e-03 (+2.50e-03,-9.98e-01)  <none>


  Correlation Matrix
 --------------------
   1.0000  -0.0000  -0.2436  -0.0902   0.2243   0.3770   0.1540   0.1934   0.0000  -0.2320  -0.0000   0.0000
  -0.0000   1.0000  -0.0324  -0.0000  -0.0000  -0.0182  -0.0000   0.0000  -0.0002  -0.0000  -0.0001  -0.0583
  -0.2436  -0.0324   1.0000   0.0323  -0.0804  -0.1346  -0.0552  -0.0694   0.0000   0.0832   0.0000   0.0019
  -0.0902  -0.0000   0.0323   1.0000  -0.4460  -0.0501   0.3854  -0.0351  -0.0001   0.0396   0.0001   0.0000
   0.2243  -0.0000  -0.0804  -0.4460   1.0000   0.1245   0.6461   0.0726   0.0002  -0.0922  -0.0002   0.0000
   0.3770  -0.0182  -0.1346  -0.0501   0.1245   1.0000   0.0855   0.1074   0.0000  -0.1288  -0.0000   0.0011
   0.1540  -0.0000  -0.0552   0.3854   0.6461   0.0855   1.0000   0.0607   0.0001  -0.0684  -0.0001   0.0000
   0.1934   0.0000  -0.0694  -0.0351   0.0726   0.1074   0.0607   1.0000   0.0000  -0.8868  -0.0000   0.0000
   0.0000  -0.0002   0.0000  -0.0001   0.0002   0.0000   0.0001   0.0000   1.0000  -0.0000  -0.9969   0.0000
  -0.2320  -0.0000   0.0832   0.0396  -0.0922  -0.1288  -0.0684  -0.8868  -0.0000   1.0000   0.0000  -0.0000
  -0.0000  -0.0001   0.0000   0.0001  -0.0002  -0.0000  -0.0001  -0.0000  -0.9969   0.0000   1.0000  -0.0000
   0.0000  -0.0583   0.0019   0.0000   0.0000   0.0011   0.0000   0.0000   0.0000  -0.0000  -0.0000   1.0000
