
  RooFitResult: minimized FCN value: -6705.47, estimated distance to minimum: 7.16726e-07
                covariance matrix quality: Full, accurate covariance matrix
                Status : MINIMIZE=0 HESSE=0 MINOS=0 

    Constant Parameter    Value     
  --------------------  ------------
           peakFail_32    9.1188e+01

    Floating Parameter  InitialValue    FinalValue (+HiError,-LoError)    GblCorr.
  --------------------  ------------  ----------------------------------  --------
              NbkgFail    1.5982e+02    1.5982e+02 (+2.89e+01,-2.80e+01)  <none>
              NbkgPass    1.5755e+01    1.5754e+01 (+1.88e+01,-1.57e+01)  <none>
                  Nsig    2.5624e+03    2.5624e+03 (+5.95e+01,-5.89e+01)  <none>
           alfaFail_32    2.5000e+02    2.5000e+02 (+3.17e-04,-1.98e+02)  <none>
           betaFail_32    5.5864e-03    5.5850e-03 (+2.52e-02,-1.95e-03)  <none>
                   eff    8.2197e-01    8.2197e-01 (+1.11e-02,-1.12e-02)  <none>
          gammaFail_32    7.4280e-07    1.4388e-10 (+1.15e-01,-1.44e-10)  <none>
           meanFail_32   -2.0215e-01   -2.0215e-01 (+3.13e-01,-3.12e-01)  <none>
           meanPass_32    1.1948e+00    1.1948e+00 (+8.22e-02,-8.19e-02)  <none>
          sigmaFail_32    2.7324e+00    2.7324e+00 (+3.70e-01,-3.57e-01)  <none>
          sigmaPass_32    1.6194e+00    1.6194e+00 (+1.33e-01,-1.36e-01)  <none>
              tPass_32   -1.0517e-08   -1.4433e-15 (+1.44e-15,-6.41e-03)  <none>


  Correlation Matrix
 --------------------
   1.0000  -0.0000  -0.3851  -0.0008  -0.0544   0.6537  -0.0004  -0.0389   0.0000  -0.3660   0.0000  -0.0000
  -0.0000   1.0000  -0.2840  -0.0000   0.0000  -0.1044  -0.0000  -0.0000  -0.0147  -0.0000  -0.1256   0.0070
  -0.3851  -0.2840   1.0000   0.0004   0.0261  -0.2826   0.0002   0.0187   0.0044   0.1757   0.0376  -0.0021
  -0.0008  -0.0000   0.0004   1.0000  -0.0347  -0.0006   0.0000  -0.0001  -0.0000   0.0004  -0.0000   0.0000
  -0.0544   0.0000   0.0261  -0.0347   1.0000  -0.0443  -0.0159  -0.2335  -0.0000   0.0508  -0.0000   0.0000
   0.6537  -0.1044  -0.2826  -0.0006  -0.0443   1.0000  -0.0003  -0.0317   0.0016  -0.2983   0.0138  -0.0008
  -0.0004  -0.0000   0.0002   0.0000  -0.0159  -0.0003   1.0000  -0.0000   0.0000   0.0002   0.0000  -0.0000
  -0.0389  -0.0000   0.0187  -0.0001  -0.2335  -0.0317  -0.0000   1.0000  -0.0000   0.0435  -0.0000  -0.0000
   0.0000  -0.0147   0.0044  -0.0000  -0.0000   0.0016   0.0000  -0.0000   1.0000  -0.0000   0.1131  -0.0003
  -0.3660  -0.0000   0.1757   0.0004   0.0508  -0.2983   0.0002   0.0435  -0.0000   1.0000  -0.0000  -0.0000
   0.0000  -0.1256   0.0376  -0.0000  -0.0000   0.0138   0.0000  -0.0000   0.1131  -0.0000   1.0000  -0.0009
  -0.0000   0.0070  -0.0021   0.0000   0.0000  -0.0008  -0.0000  -0.0000  -0.0003  -0.0000  -0.0009   1.0000
