
  RooFitResult: minimized FCN value: -66385.2, estimated distance to minimum: 1.52023e-05
                covariance matrix quality: Full, accurate covariance matrix
                Status : MINIMIZE=1 HESSE=1 MINOS=1 

    Constant Parameter    Value     
  --------------------  ------------
           peakFail_17    9.1188e+01

    Floating Parameter  InitialValue    FinalValue (+HiError,-LoError)    GblCorr.
  --------------------  ------------  ----------------------------------  --------
              NbkgFail    6.6013e+02    6.6013e+02         +/-  5.63e+01  <none>
              NbkgPass    1.0001e-02    1.0000e-02         +/-  6.76e+00  <none>
                  Nsig    1.4285e+04    1.4285e+04 (+1.29e+02,-1.30e+02)  <none>
           alfaFail_17    2.4955e+02    2.4956e+02 (+4.41e-01,-2.29e+02)  <none>
           betaFail_17    1.8743e-02    1.8743e-02 (+6.13e-03,-1.00e-02)  <none>
                   eff    8.0953e-01    8.0953e-01 (+4.29e-03,-4.23e-03)  <none>
          gammaFail_17    1.1771e-01    1.1770e-01 (+8.58e-02,-1.02e-01)  <none>
           meanFail_17    3.8786e-01    3.8785e-01 (+6.92e-02,-6.92e-02)  <none>
           meanPass_17    7.1496e-01    7.1496e-01         +/-  2.93e-02  <none>
          sigmaFail_17    1.3518e+00    1.3518e+00 (+1.12e-01,-1.16e-01)  <none>
          sigmaPass_17    1.2837e+00    1.2837e+00         +/-  4.21e-02  <none>
              tPass_17   -1.1885e-04   -1.2670e-04         +/-  5.54e-01  <none>


  Correlation Matrix
 --------------------
   1.0000   0.0000  -0.3443  -0.0767   0.6374   0.5822   0.5364   0.0549   0.0001  -0.3556   0.0001   0.0000
   0.0000   1.0000  -0.0017  -0.0000   0.0000  -0.0007  -0.0000   0.0000  -0.0001  -0.0000  -0.0006   0.0267
  -0.3443  -0.0017   1.0000   0.0328  -0.2771  -0.2530  -0.2335  -0.0239  -0.0000   0.1546  -0.0000  -0.0001
  -0.0767  -0.0000   0.0328   1.0000  -0.1588  -0.0563   0.4323  -0.0084   0.0000   0.0396   0.0000  -0.0011
   0.6374   0.0000  -0.2771  -0.1588   1.0000   0.4685   0.8212   0.0712   0.0001  -0.3330   0.0001   0.0001
   0.5822  -0.0007  -0.2530  -0.0563   0.4685   1.0000   0.3943   0.0403   0.0001  -0.2614   0.0001   0.0000
   0.5364  -0.0000  -0.2335   0.4323   0.8212   0.3943   1.0000   0.0637   0.0001  -0.2811   0.0001  -0.0005
   0.0549   0.0000  -0.0239  -0.0084   0.0712   0.0403   0.0637   1.0000   0.0000  -0.0650   0.0000  -0.0000
   0.0001  -0.0001  -0.0000   0.0000   0.0001   0.0001   0.0001   0.0000   1.0000  -0.0000   0.0375  -0.0007
  -0.3556  -0.0000   0.1546   0.0396  -0.3330  -0.2614  -0.2811  -0.0650  -0.0000   1.0000  -0.0000  -0.0000
   0.0001  -0.0006  -0.0000   0.0000   0.0001   0.0001   0.0001   0.0000   0.0375  -0.0000   1.0000  -0.0000
   0.0000   0.0267  -0.0001  -0.0011   0.0001   0.0000  -0.0005  -0.0000  -0.0007  -0.0000  -0.0000   1.0000
