
  RooFitResult: minimized FCN value: -10694, estimated distance to minimum: 1.69591e-06
                covariance matrix quality: Full, accurate covariance matrix
                Status : MINIMIZE=0 HESSE=0 MINOS=0 

    Constant Parameter    Value     
  --------------------  ------------
           peakFail_31    9.1188e+01

    Floating Parameter  InitialValue    FinalValue (+HiError,-LoError)    GblCorr.
  --------------------  ------------  ----------------------------------  --------
              NbkgFail    2.9743e+02    2.9750e+02 (+3.91e+01,-3.70e+01)  <none>
              NbkgPass    3.1376e+00    3.2008e+00 (+1.92e+01,-3.19e+00)  <none>
                  Nsig    3.4285e+03    3.4283e+03 (+7.00e+01,-7.00e+01)  <none>
           alfaFail_31    2.4959e+02    2.4959e+02 (+4.06e-01,-1.85e+02)  <none>
           betaFail_31    2.4215e-02    2.4220e-02 (+7.12e-03,-1.09e-02)  <none>
                   eff    8.5895e-01    8.5897e-01 (+1.05e-02,-1.03e-02)  <none>
          gammaFail_31    1.7847e-01    1.7857e-01 (+1.25e-01,-1.79e-01)  <none>
           meanFail_31    4.3315e-01    4.3323e-01         +/-  2.31e-01  <none>
           meanPass_31    1.0074e+00    1.0074e+00         +/-  6.17e-02  <none>
          sigmaFail_31    1.8604e+00    1.8599e+00 (+3.37e-01,-3.51e-01)  <none>
          sigmaPass_31    1.2723e+00    1.2722e+00         +/-  8.68e-02  <none>
              tPass_31   -4.9591e-07   -4.5930e-09         +/-  5.34e-02  <none>


  Correlation Matrix
 --------------------
   1.0000  -0.0000  -0.4133  -0.0252   0.4962   0.7110   0.4858  -0.0554   0.0000  -0.4202   0.0000   0.0000
  -0.0000   1.0000  -0.2595  -0.0000  -0.0000  -0.0733  -0.0000   0.0000  -0.0010   0.0000  -0.0856  -0.0407
  -0.4133  -0.2595   1.0000   0.0134  -0.2630  -0.3576  -0.2575   0.0294   0.0003   0.2227   0.0224   0.0107
  -0.0252  -0.0000   0.0134   1.0000  -0.0571  -0.0230   0.1646   0.0015   0.0000   0.0179   0.0000   0.0000
   0.4962  -0.0000  -0.2630  -0.0571   1.0000   0.4524   0.9745  -0.0316   0.0000  -0.3674   0.0000   0.0000
   0.7110  -0.0733  -0.3576  -0.0230   0.4524   1.0000   0.4429  -0.0506   0.0001  -0.3831   0.0063   0.0030
   0.4858  -0.0000  -0.2575   0.1646   0.9745   0.4429   1.0000  -0.0243   0.0000  -0.3599   0.0000   0.0000
  -0.0554   0.0000   0.0294   0.0015  -0.0316  -0.0506  -0.0243   1.0000  -0.0000   0.0762  -0.0000  -0.0000
   0.0000  -0.0010   0.0003   0.0000   0.0000   0.0001   0.0000  -0.0000   1.0000  -0.0000   0.0624   0.0003
  -0.4202   0.0000   0.2227   0.0179  -0.3674  -0.3831  -0.3599   0.0762  -0.0000   1.0000  -0.0000  -0.0000
   0.0000  -0.0856   0.0224   0.0000   0.0000   0.0063   0.0000  -0.0000   0.0624  -0.0000   1.0000   0.0034
   0.0000  -0.0407   0.0107   0.0000   0.0000   0.0030   0.0000  -0.0000   0.0003  -0.0000   0.0034   1.0000
