
  RooFitResult: minimized FCN value: -6841.22, estimated distance to minimum: 1.60507e-07
                covariance matrix quality: Full, accurate covariance matrix
                Status : MINIMIZE=0 HESSE=0 MINOS=0 

    Constant Parameter    Value     
  --------------------  ------------
           peakFail_27    9.1188e+01

    Floating Parameter  InitialValue    FinalValue (+HiError,-LoError)    GblCorr.
  --------------------  ------------  ----------------------------------  --------
              NbkgFail    1.5712e+02    1.5712e+02 (+2.79e+01,-2.70e+01)  <none>
              NbkgPass    1.3759e-01    1.3735e-01 (+1.97e+00,-1.27e-01)  <none>
                  Nsig    2.6047e+03    2.6047e+03 (+5.70e+01,-5.62e+01)  <none>
           alfaFail_27    2.5000e+02    2.5000e+02 (+3.72e-05,-2.01e+02)  <none>
           betaFail_27    5.2775e-03    5.2766e-03 (+2.60e-02,-2.16e-03)  <none>
                   eff    8.0387e-01    8.0387e-01 (+1.08e-02,-1.09e-02)  <none>
          gammaFail_27    6.1698e-08    8.7471e-09 (+7.32e-02,-8.75e-09)  <none>
           meanFail_27    1.4234e+00    1.4235e+00 (+2.92e-01,-2.90e-01)  <none>
           meanPass_27    1.1922e+00    1.1922e+00 (+8.00e-02,-7.97e-02)  <none>
          sigmaFail_27    2.2708e+00    2.2708e+00 (+3.36e-01,-3.06e-01)  <none>
          sigmaPass_27    1.4983e+00    1.4983e+00 (+1.32e-01,-1.35e-01)  <none>
              tPass_27   -9.9245e-01   -9.9233e-01 (+9.92e-01,-7.67e-03)  <none>


  Correlation Matrix
 --------------------
   1.0000   0.0000  -0.3845   0.0002   0.2342   0.6197   0.0005  -0.1078   0.0000  -0.2553  -0.0000  -0.0001
   0.0000   1.0000  -0.0153   0.0000   0.0000  -0.0060  -0.0000  -0.0000   0.0252  -0.0000   0.0230   0.0032
  -0.3845  -0.0153   1.0000  -0.0001  -0.1137  -0.3008  -0.0002   0.0523  -0.0004   0.1239  -0.0004  -0.0000
   0.0002   0.0000  -0.0001   1.0000   0.0119   0.0001  -0.0000   0.0001   0.0000  -0.0001   0.0000  -0.0002
   0.2342   0.0000  -0.1137   0.0119   1.0000   0.1832   0.0208  -0.2442   0.0000  -0.0076  -0.0000  -0.0000
   0.6197  -0.0060  -0.3008   0.0001   0.1832   1.0000   0.0004  -0.0843  -0.0002  -0.1997  -0.0002  -0.0001
   0.0005  -0.0000  -0.0002  -0.0000   0.0208   0.0004   1.0000   0.0001  -0.0000  -0.0002  -0.0000  -0.0002
  -0.1078  -0.0000   0.0523   0.0001  -0.2442  -0.0843   0.0001   1.0000   0.0000   0.1468   0.0000   0.0000
   0.0000   0.0252  -0.0004   0.0000   0.0000  -0.0002  -0.0000   0.0000   1.0000  -0.0000   0.0981  -0.0000
  -0.2553  -0.0000   0.1239  -0.0001  -0.0076  -0.1997  -0.0002   0.1468  -0.0000   1.0000  -0.0000   0.0000
  -0.0000   0.0230  -0.0004   0.0000  -0.0000  -0.0002  -0.0000   0.0000   0.0981  -0.0000   1.0000  -0.0001
  -0.0001   0.0032  -0.0000  -0.0002  -0.0000  -0.0001  -0.0002   0.0000  -0.0000   0.0000  -0.0001   1.0000
