
  RooFitResult: minimized FCN value: -68925.2, estimated distance to minimum: 0.00121457
                covariance matrix quality: Full, accurate covariance matrix
                Status : MINIMIZE=1 HESSE=1 MINOS=1 

    Constant Parameter    Value     
  --------------------  ------------
           peakFail_18    9.1188e+01

    Floating Parameter  InitialValue    FinalValue (+HiError,-LoError)    GblCorr.
  --------------------  ------------  ----------------------------------  --------
              NbkgFail    7.6879e+02    7.6864e+02 (+6.38e+01,-6.21e+01)  <none>
              NbkgPass    1.5162e+00    1.5197e+00         +/-  3.18e+00  <none>
                  Nsig    1.4613e+04    1.4613e+04 (+1.34e+02,-1.33e+02)  <none>
           alfaFail_18    2.2202e+02    2.2205e+02 (+2.79e+01,-2.30e+02)  <none>
           betaFail_18    3.5152e-02    3.5132e-02 (+4.44e-03,-4.20e-03)  <none>
                   eff    8.2404e-01    8.2403e-01 (+4.49e-03,-4.49e-03)  <none>
          gammaFail_18    3.3044e-01    3.3016e-01 (+1.51e-01,-6.59e-01)  <none>
           meanFail_18    5.6904e-01    5.6903e-01 (+7.94e-02,-7.96e-02)  <none>
           meanPass_18    7.4219e-01    7.4221e-01         +/-  2.88e-02  <none>
          sigmaFail_18    1.6794e+00    1.6797e+00 (+1.26e-01,-1.26e-01)  <none>
          sigmaPass_18    1.2934e+00    1.2934e+00         +/-  4.15e-02  <none>
              tPass_18   -6.2188e-01   -6.2184e-01 (+6.22e-01,-6.66e-01)  <none>


  Correlation Matrix
 --------------------
   1.0000  -0.0000  -0.3839  -0.1192   0.5972   0.6429  -0.0270   0.0525   0.0000  -0.4574   0.0001   0.0002
  -0.0000   1.0000  -0.0202  -0.0002   0.0000  -0.0072  -0.0002   0.0000   0.0252   0.0000   0.0027   0.2098
  -0.3839  -0.0202   1.0000   0.0568  -0.2834  -0.3049   0.0130  -0.0249  -0.0006   0.2171  -0.0001  -0.0051
  -0.1192  -0.0002   0.0568   1.0000  -0.3790  -0.0947   0.9883  -0.0151  -0.0000   0.0707  -0.0003  -0.0071
   0.5972   0.0000  -0.2834  -0.3790   1.0000   0.4745  -0.2337   0.0495   0.0000  -0.3890   0.0001   0.0017
   0.6429  -0.0072  -0.3049  -0.0947   0.4745   1.0000  -0.0214   0.0417  -0.0002  -0.3634   0.0000  -0.0016
  -0.0270  -0.0002   0.0130   0.9883  -0.2337  -0.0214   1.0000  -0.0066  -0.0000   0.0102  -0.0003  -0.0072
   0.0525   0.0000  -0.0249  -0.0151   0.0495   0.0417  -0.0066   1.0000   0.0000  -0.0841   0.0000   0.0000
   0.0000   0.0252  -0.0006  -0.0000   0.0000  -0.0002  -0.0000   0.0000   1.0000  -0.0000   0.0307   0.0038
  -0.4574   0.0000   0.2171   0.0707  -0.3890  -0.3634   0.0102  -0.0841  -0.0000   1.0000  -0.0000  -0.0000
   0.0001   0.0027  -0.0001  -0.0003   0.0001   0.0000  -0.0003   0.0000   0.0307  -0.0000   1.0000  -0.0016
   0.0002   0.2098  -0.0051  -0.0071   0.0017  -0.0016  -0.0072   0.0000   0.0038  -0.0000  -0.0016   1.0000
