
  RooFitResult: minimized FCN value: -183.929, estimated distance to minimum: 0.000106321
                covariance matrix quality: Full, accurate covariance matrix
                Status : MINIMIZE=0 HESSE=0 MINOS=0 

    Constant Parameter    Value     
  --------------------  ------------
           peakFail_33    9.1188e+01

    Floating Parameter  InitialValue    FinalValue (+HiError,-LoError)    GblCorr.
  --------------------  ------------  ----------------------------------  --------
              NbkgFail    9.9175e+01    9.9005e+01 (+1.76e+01,-1.69e+01)  <none>
              NbkgPass    1.9605e+00    1.9642e+00 (+2.35e+01,-1.79e+00)  <none>
                  Nsig    3.6788e+02    3.6802e+02 (+2.43e+01,-4.79e+01)  <none>
           alfaFail_33    1.5734e+02    1.5786e+02 (+5.02e+01,-6.27e+01)  <none>
           betaFail_33    8.1647e-02    8.1641e-02 (+1.20e-02,-1.06e-02)  <none>
                   eff    8.6184e-01    8.6144e-01 (+3.75e-02,-3.75e-02)  <none>
          gammaFail_33    9.1332e-01    9.2009e-01 (+7.99e-02,-9.41e-01)  <none>
           meanFail_33    7.1157e+00    7.1040e+00 (+2.70e+00,-3.19e+00)  <none>
           meanPass_33    1.9992e+00    1.9991e+00 (+2.77e-01,-2.74e-01)  <none>
          sigmaFail_33    3.6148e+00    3.6134e+00 (+1.39e+00,-1.32e+00)  <none>
          sigmaPass_33    2.7688e+00    2.7688e+00 (+3.15e-01,-3.08e-01)  <none>
              tPass_33   -1.0905e-01   -1.0883e-01 (+1.09e-01,-2.52e-01)  <none>


  Correlation Matrix
 --------------------
   1.0000   0.0000  -0.4833   0.2536  -0.5628   0.7182   0.0313   0.3068   0.0000  -0.1435  -0.0000   0.0000
   0.0000   1.0000  -0.0757   0.0000  -0.0000  -0.0181   0.0000   0.0000   0.0584  -0.0000  -0.0429   0.5408
  -0.4833  -0.0757   1.0000  -0.1833   0.4067  -0.5171  -0.0226  -0.2217  -0.0063   0.1037   0.0046  -0.0582
   0.2536   0.0000  -0.1833   1.0000  -0.5124   0.2723   0.9192   0.1148   0.0000  -0.0650  -0.0000   0.0001
  -0.5628  -0.0000   0.4067  -0.5124   1.0000  -0.6044  -0.1336  -0.2631  -0.0000   0.1444   0.0000  -0.0000
   0.7182  -0.0181  -0.5171   0.2723  -0.6044   1.0000   0.0336   0.3295  -0.0015  -0.1541   0.0011  -0.0139
   0.0313   0.0000  -0.0226   0.9192  -0.1336   0.0336   1.0000   0.0165   0.0000  -0.0101  -0.0000   0.0001
   0.3068   0.0000  -0.2217   0.1148  -0.2631   0.3295   0.0165   1.0000   0.0000  -0.2400  -0.0000   0.0000
   0.0000   0.0584  -0.0063   0.0000  -0.0000  -0.0015   0.0000   0.0000   1.0000  -0.0000   0.1352   0.0331
  -0.1435  -0.0000   0.1037  -0.0650   0.1444  -0.1541  -0.0101  -0.2400  -0.0000   1.0000   0.0000  -0.0000
  -0.0000  -0.0429   0.0046  -0.0000   0.0000   0.0011  -0.0000  -0.0000   0.1352   0.0000   1.0000  -0.0503
   0.0000   0.5408  -0.0582   0.0001  -0.0000  -0.0139   0.0001   0.0000   0.0331  -0.0000  -0.0503   1.0000
