
  RooFitResult: minimized FCN value: -209.368, estimated distance to minimum: 0.000922927
                covariance matrix quality: Full, accurate covariance matrix
                Status : MINIMIZE=0 HESSE=0 MINOS=0 

    Constant Parameter    Value     
  --------------------  ------------
           peakFail_26    9.1188e+01

    Floating Parameter  InitialValue    FinalValue (+HiError,-LoError)    GblCorr.
  --------------------  ------------  ----------------------------------  --------
              NbkgFail    1.3456e+01    4.7539e+01 (+1.27e+01,-1.08e+01)  <none>
              NbkgPass    4.9127e-01    4.9031e-01 (+7.32e+00,-4.80e-01)  <none>
                  Nsig    4.4908e+02    4.1096e+02 (+2.30e+01,-2.31e+01)  <none>
           alfaFail_26    2.2282e+02    9.1705e+01 (+1.70e+01,-3.78e+00)  <none>
           betaFail_26    5.0007e-02    2.4994e-01 (+1.56e-01,-1.02e-01)  <none>
                   eff    7.0425e-01    7.6536e-01 (+2.78e-02,-2.73e-02)  <none>
          gammaFail_26    6.5294e-01    3.9805e-01 (+6.02e-01,-2.14e-01)  <none>
           meanFail_26    9.8962e-01    1.9039e+00 (+1.72e-01,-9.60e-01)  <none>
           meanPass_26    1.4868e+00    1.4868e+00 (+2.67e-01,-2.64e-01)  <none>
          sigmaFail_26    1.5781e+00    5.1917e-01 (+7.76e-01,-2.88e+00)  <none>
          sigmaPass_26    2.5677e+00    2.5678e+00 (+3.33e-01,-3.36e-01)  <none>
              tPass_26   -1.3219e-06   -1.3472e-07 (+1.35e-07,-1.00e+00)  <none>


  Correlation Matrix
 --------------------
   1.0000  -0.0000  -0.3250  -0.1687  -0.1232   0.5118  -0.3525  -0.0061  -0.0000  -0.0205   0.0000  -0.0000
  -0.0000   1.0000  -0.2739   0.0000   0.0000  -0.1322   0.0000   0.0000   0.0031  -0.0000  -0.1882  -0.0068
  -0.3250  -0.2739   1.0000   0.0845   0.0617  -0.2197   0.1765   0.0030  -0.0009   0.0103   0.0522   0.0019
  -0.1687   0.0000   0.0845   1.0000  -0.8369  -0.1331   0.9328   0.0015   0.0000   0.0051  -0.0000   0.0000
  -0.1232   0.0000   0.0617  -0.8369   1.0000  -0.0972  -0.6060   0.0033  -0.0000   0.0109  -0.0000  -0.0000
   0.5118  -0.1322  -0.2197  -0.1331  -0.0972   1.0000  -0.2780  -0.0048  -0.0004  -0.0162   0.0252   0.0009
  -0.3525   0.0000   0.1765   0.9328  -0.6060  -0.2780   1.0000   0.0046   0.0000   0.0154  -0.0000   0.0000
  -0.0061   0.0000   0.0030   0.0015   0.0033  -0.0048   0.0046   1.0000  -0.0000  -0.9899  -0.0000  -0.0000
  -0.0000   0.0031  -0.0009   0.0000  -0.0000  -0.0004   0.0000  -0.0000   1.0000   0.0000   0.1289   0.0001
  -0.0205  -0.0000   0.0103   0.0051   0.0109  -0.0162   0.0154  -0.9899   0.0000   1.0000   0.0000   0.0000
   0.0000  -0.1882   0.0522  -0.0000  -0.0000   0.0252  -0.0000  -0.0000   0.1289   0.0000   1.0000   0.0013
  -0.0000  -0.0068   0.0019   0.0000  -0.0000   0.0009   0.0000  -0.0000   0.0001   0.0000   0.0013   1.0000
