
  RooFitResult: minimized FCN value: -10151.1, estimated distance to minimum: 1.78636e-06
                covariance matrix quality: Full, accurate covariance matrix
                Status : MINIMIZE=1 HESSE=1 MINOS=1 

    Constant Parameter    Value     
  --------------------  ------------
           peakFail_28    9.1188e+01

    Floating Parameter  InitialValue    FinalValue (+HiError,-LoError)    GblCorr.
  --------------------  ------------  ----------------------------------  --------
              NbkgFail    2.9793e+02    2.9794e+02 (+3.68e+01,-3.11e+01)  <none>
              NbkgPass    1.4367e+01    1.4367e+01 (+1.99e+01,-1.44e+01)  <none>
                  Nsig    3.3267e+03    3.3267e+03 (+6.68e+01,-5.98e+01)  <none>
           alfaFail_28    2.4532e+02    2.4532e+02 (+4.68e+00,-1.76e+02)  <none>
           betaFail_28    9.0505e-03    9.0556e-03 (+1.23e-02,-2.63e-02)  <none>
                   eff    8.4096e-01    8.4096e-01 (+1.01e-02,-9.35e-03)  <none>
          gammaFail_28    1.1853e-02    1.1881e-02 (+1.21e-01,-1.19e-02)  <none>
           meanFail_28    6.5536e-01    6.5536e-01 (+2.07e-01,-2.08e-01)  <none>
           meanPass_28    6.9034e-01    6.9034e-01         +/-  6.41e-02  <none>
          sigmaFail_28    1.6525e+00    1.6524e+00 (+2.91e-01,-3.28e-01)  <none>
          sigmaPass_28    1.2533e+00    1.2533e+00 (+9.34e-02,-9.21e-02)  <none>
              tPass_28   -1.5672e-10   -1.5364e-10         +/-  7.46e-03  <none>


  Correlation Matrix
 --------------------
   1.0000  -0.0001  -0.4188  -0.1356   0.5723   0.6979   0.3604   0.0218   0.0000  -0.4386   0.0001  -0.0000
  -0.0001   1.0000  -0.2622  -0.0002  -0.0002  -0.0827  -0.0003  -0.0000  -0.0384   0.0001  -0.0713  -0.0098
  -0.4188  -0.2622   1.0000   0.0725  -0.3069  -0.3517  -0.1935  -0.0117   0.0105   0.2352   0.0194   0.0027
  -0.1356  -0.0002   0.0725   1.0000  -0.3880  -0.1211   0.6202  -0.0109  -0.0011   0.0988  -0.0028  -0.0001
   0.5723  -0.0002  -0.3069  -0.3880   1.0000   0.5114   0.4819   0.0375   0.0003  -0.4318   0.0006   0.0000
   0.6979  -0.0827  -0.3517  -0.1211   0.5114   1.0000   0.3223   0.0195   0.0033  -0.3920   0.0062   0.0008
   0.3604  -0.0003  -0.1935   0.6202   0.4819   0.3223   1.0000   0.0247  -0.0008  -0.2757  -0.0021  -0.0001
   0.0218  -0.0000  -0.0117  -0.0109   0.0375   0.0195   0.0247   1.0000   0.0000  -0.0510  -0.0000   0.0000
   0.0000  -0.0384   0.0105  -0.0011   0.0003   0.0033  -0.0008   0.0000   1.0000  -0.0000   0.2043   0.0006
  -0.4386   0.0001   0.2352   0.0988  -0.4318  -0.3920  -0.2757  -0.0510  -0.0000   1.0000  -0.0001   0.0000
   0.0001  -0.0713   0.0194  -0.0028   0.0006   0.0062  -0.0021  -0.0000   0.2043  -0.0001   1.0000   0.0007
  -0.0000  -0.0098   0.0027  -0.0001   0.0000   0.0008  -0.0001   0.0000   0.0006   0.0000   0.0007   1.0000
