
  RooFitResult: minimized FCN value: -1784.83, estimated distance to minimum: 9.61159e-05
                covariance matrix quality: Full matrix, but forced positive-definite
                Status : MINIMIZE=1 HESSE=1 MINOS=1 

    Constant Parameter    Value     
  --------------------  ------------
           peakFail_35    9.1188e+01

    Floating Parameter  InitialValue    FinalValue (+HiError,-LoError)    GblCorr.
  --------------------  ------------  ----------------------------------  --------
              NbkgFail    3.0574e+00    8.5726e+00 (+3.35e+00,-3.02e+00)  <none>
              NbkgPass    2.4471e+00    1.1800e+00 (+1.93e+00,-1.51e+00)  <none>
                  Nsig    1.1253e+03    1.1213e+03         +/-  3.35e+01  <none>
           alfaFail_35    1.2096e+02    1.1669e+02 (+2.36e-01,-2.00e-01)  <none>
           betaFail_35    3.3784e-01    8.4015e+00 (+1.60e+00,-8.86e+00)  <none>
                   eff    7.8782e-01    7.9181e-01         +/-  1.21e-02  <none>
          gammaFail_35    3.2583e-01    1.0000e+00 (+5.45e-08,-3.40e-02)  <none>
           meanFail_35    2.7037e+00    2.1703e+00 (+6.70e-01,-6.48e-01)  <none>
           meanPass_35    1.7444e+00    1.7071e+00         +/-  1.59e+00  <none>
          sigmaFail_35    2.8333e+00    2.5924e+00 (+5.55e-01,-5.42e-01)  <none>
          sigmaPass_35    5.0289e-01    5.4348e-01 (+3.59e-01,-1.27e+00)  <none>
              tPass_35   -8.3666e-06   -4.9568e-01 (+3.95e-01,-5.04e-01)  <none>


  Correlation Matrix
 --------------------
   1.0000  -0.0000  -0.0055  -0.1230   0.0484   0.0108   0.0001  -0.0290   0.0000  -0.0188  -0.0000   0.0000
  -0.0000   1.0000  -0.0219   0.0000  -0.0000  -0.0112  -0.0000  -0.0000   0.0017  -0.0000   0.0004   0.2335
  -0.0055  -0.0219   1.0000   0.0111  -0.0044  -0.0005  -0.0000   0.0026  -0.0001   0.0017  -0.0000  -0.0105
  -0.1230   0.0000   0.0111   1.0000  -0.3934  -0.0216  -0.0003   0.0604  -0.0000   0.0350   0.0000  -0.0000
   0.0484  -0.0000  -0.0044  -0.3934   1.0000   0.0085   0.0001  -0.0238   0.0000  -0.0138  -0.0000   0.0000
   0.0108  -0.0112  -0.0005  -0.0216   0.0085   1.0000   0.0000  -0.0051  -0.0000  -0.0033  -0.0000  -0.0054
   0.0001  -0.0000  -0.0000  -0.0003   0.0001   0.0000   1.0000  -0.0000  -0.0000  -0.0000   0.0000  -0.0000
  -0.0290  -0.0000   0.0026   0.0604  -0.0238  -0.0051  -0.0000   1.0000   0.0000   0.1598  -0.0000  -0.0000
   0.0000   0.0017  -0.0001  -0.0000   0.0000  -0.0000  -0.0000   0.0000   1.0000   0.0000  -0.9980   0.0003
  -0.0188  -0.0000   0.0017   0.0350  -0.0138  -0.0033  -0.0000   0.1598   0.0000   1.0000  -0.0000  -0.0000
  -0.0000   0.0004  -0.0000   0.0000  -0.0000  -0.0000   0.0000  -0.0000  -0.9980  -0.0000   1.0000   0.0001
   0.0000   0.2335  -0.0105  -0.0000   0.0000  -0.0054  -0.0000  -0.0000   0.0003  -0.0000   0.0001   1.0000
