
  RooFitResult: minimized FCN value: -2694.32, estimated distance to minimum: 0.00022617
                covariance matrix quality: Full, accurate covariance matrix
                Status : MINIMIZE=0 HESSE=0 MINOS=0 

    Constant Parameter    Value     
  --------------------  ------------
           peakFail_21    9.1188e+01

    Floating Parameter  InitialValue    FinalValue (+HiError,-LoError)    GblCorr.
  --------------------  ------------  ----------------------------------  --------
              NbkgFail    3.4969e+02    3.4848e+02 (+7.84e+01,-1.25e+02)  <none>
              NbkgPass    3.9536e-01    3.9463e-01 (+1.61e+00,-1.19e+00)  <none>
                  Nsig    1.1760e+03    1.1771e+03 (+1.64e+02,-4.12e+01)  <none>
           alfaFail_21    1.2226e+02    1.2190e+02         +/-  5.22e+00  <none>
           betaFail_21    1.1959e-01    1.2021e-01         +/-  8.93e-03  <none>
                   eff    8.7132e-01    8.7043e-01 (+1.95e-02,-8.67e-02)  <none>
          gammaFail_21    9.9998e-01    9.9999e-01 (+1.06e-05,-2.13e-01)  <none>
           meanFail_21   -1.9519e+00   -2.0710e+00 (+3.49e+00,-7.93e+00)  <none>
           meanPass_21    4.6690e-01    4.6629e-01         +/-  1.43e-01  <none>
          sigmaFail_21    5.0000e+00    5.0000e+00         +/-  3.23e+00  <none>
          sigmaPass_21    2.8140e+00    2.8144e+00         +/-  1.57e-01  <none>
              tPass_21   -7.4585e-01   -7.4099e-01 (+7.41e-01,-2.59e-01)  <none>


  Correlation Matrix
 --------------------
   1.0000   0.0000  -0.4288   0.5247  -0.5369   0.6698  -0.0396   0.5203  -0.0000   0.0023  -0.0000   0.0000
   0.0000   1.0000  -0.0208   0.0000  -0.0000  -0.0048  -0.0000   0.0000   0.0312  -0.0000  -0.0109   0.1326
  -0.4288  -0.0208   1.0000  -0.3754   0.3841  -0.4791   0.0283  -0.3723  -0.0009  -0.0016   0.0003  -0.0038
   0.5247   0.0000  -0.3754   1.0000  -0.9848   0.5864  -0.2170   0.3869  -0.0000   0.0021  -0.0000   0.0000
  -0.5369  -0.0000   0.3841  -0.9848   1.0000  -0.6000   0.0636  -0.4091   0.0000  -0.0022   0.0000  -0.0000
   0.6698  -0.0048  -0.4791   0.5864  -0.6000   1.0000  -0.0442   0.5814  -0.0002   0.0026   0.0001  -0.0009
  -0.0396  -0.0000   0.0283  -0.2170   0.0636  -0.0442   1.0000  -0.0335   0.0000  -0.0002   0.0000  -0.0000
   0.5203   0.0000  -0.3723   0.3869  -0.4091   0.5814  -0.0335   1.0000  -0.0000   0.0038  -0.0000   0.0000
  -0.0000   0.0312  -0.0009  -0.0000   0.0000  -0.0002   0.0000  -0.0000   1.0000  -0.0000  -0.0636   0.0043
   0.0023  -0.0000  -0.0016   0.0021  -0.0022   0.0026  -0.0002   0.0038  -0.0000   1.0000   0.0000   0.0000
  -0.0000  -0.0109   0.0003  -0.0000   0.0000   0.0001   0.0000  -0.0000  -0.0636   0.0000   1.0000  -0.0015
   0.0000   0.1326  -0.0038   0.0000  -0.0000  -0.0009  -0.0000   0.0000   0.0043   0.0000  -0.0015   1.0000
