
  RooFitResult: minimized FCN value: -24541.5, estimated distance to minimum: 0.246675
                covariance matrix quality: Full matrix, but forced positive-definite
                Status : MINIMIZE=-1 HESSE=4 MINOS=4 

    Floating Parameter  InitialValue    FinalValue +/-  Error     GblCorr.
  --------------------  ------------  --------------------------  --------
              NbkgFail    1.0765e+03    1.0761e+03 +/-  4.63e+01  <none>
              NbkgPass    1.3481e+02    1.3490e+02 +/-  4.06e+01  <none>
                  Nsig    5.8383e+03    5.8379e+03 +/-  9.16e+01  <none>
              a0Fail_6    7.3418e+01    7.3415e+01 +/-  6.54e+01  <none>
              a0Pass_6    5.3763e+00    5.3763e+00 +/-  6.84e-05  <none>
              a1Fail_6    9.6857e+00    9.6833e+00 +/-  5.48e-01  <none>
              a1Pass_6   -2.4125e-02   -2.4125e-02 +/-  4.85e-02  <none>
              a2Fail_6   -7.8899e-02   -7.8882e-02 +/-  4.41e-03  <none>
              a2Pass_6   -1.7231e-04   -1.7231e-04 +/-  4.05e-04  <none>
                   eff    9.5187e-01    9.5190e-01 +/-  6.06e-03  <none>
            meanFail_6   -3.5629e-02   -3.5261e-02 +/-  1.47e-01  <none>
            meanPass_6    1.1897e-01    1.0791e-01 +/-  1.02e-01  <none>
           sigmaFail_6    3.1952e-01    3.1920e-01 +/-  5.48e-01  <none>
           sigmaPass_6    2.9894e-01    2.8493e-01 +/-  1.35e-01  <none>


  Correlation Matrix
 --------------------
   1.0000  -0.0000  -0.2534   0.0126   0.0000   0.0094  -0.0000   0.0014   0.0000   0.6261   0.0019  -0.0000   0.0004   0.0000
  -0.0000   1.0000  -0.4055  -0.0000  -0.0000  -0.0000   0.1058   0.0000  -0.1195  -0.0505  -0.0000   0.0073   0.0000  -0.0033
  -0.2534  -0.4055   1.0000  -0.0064   0.0000  -0.0048  -0.0467  -0.0007   0.0528  -0.2952  -0.0010  -0.0032  -0.0002   0.0014
   0.0126  -0.0000  -0.0064   1.0000   0.0000   0.0823  -0.0000   0.0867   0.0000   0.0158   0.0004  -0.0000   0.0001   0.0000
   0.0000  -0.0000   0.0000   0.0000   1.0000   0.0000  -0.0000   0.0000  -0.0000   0.0000   0.0000  -0.0000  -0.0000   0.0000
   0.0094  -0.0000  -0.0048   0.0823   0.0000   1.0000  -0.0000  -0.9388   0.0000   0.0118  -0.0164  -0.0000  -0.0061  -0.0000
  -0.0000   0.1058  -0.0467  -0.0000  -0.0000  -0.0000   1.0000  -0.0000  -0.9975  -0.0058  -0.0001  -0.0008   0.0000   0.0032
   0.0014   0.0000  -0.0007   0.0867   0.0000  -0.9388  -0.0000   1.0000   0.0000   0.0018  -0.0172   0.0000  -0.0064  -0.0000
   0.0000  -0.1195   0.0528   0.0000  -0.0000   0.0000  -0.9975   0.0000   1.0000   0.0066   0.0001   0.0004  -0.0000  -0.0024
   0.6261  -0.0505  -0.2952   0.0158   0.0000   0.0118  -0.0058   0.0018   0.0066   1.0000   0.0024  -0.0004   0.0006   0.0002
   0.0019  -0.0000  -0.0010   0.0004   0.0000  -0.0164  -0.0001  -0.0172   0.0001   0.0024   1.0000   0.0000  -0.4028  -0.0000
  -0.0000   0.0073  -0.0032  -0.0000  -0.0000  -0.0000  -0.0008   0.0000   0.0004  -0.0004   0.0000   1.0000  -0.0000   0.9829
   0.0004   0.0000  -0.0002   0.0001  -0.0000  -0.0061   0.0000  -0.0064  -0.0000   0.0006  -0.4028  -0.0000   1.0000   0.0000
   0.0000  -0.0033   0.0014   0.0000   0.0000  -0.0000   0.0032  -0.0000  -0.0024   0.0002  -0.0000   0.9829   0.0000   1.0000
