
  RooFitResult: minimized FCN value: -11377.5, estimated distance to minimum: 2.88081e-06
                covariance matrix quality: Full matrix, but forced positive-definite
                Status : MINIMIZE=0 HESSE=0 MINOS=0 

    Floating Parameter  InitialValue    FinalValue (+HiError,-LoError)    GblCorr.
  --------------------  ------------  ----------------------------------  --------
              NbkgFail    1.5120e+02    1.5120e+02 (+1.31e+01,-7.46e-09)  <none>
              NbkgPass    3.3766e+01    3.3848e+01 (+3.45e+01,-3.34e+01)  <none>
                  Nsig    3.3283e+03    3.3282e+03 (+7.27e+01,-6.72e+01)  <none>
             a0Fail_33    8.9080e+01    8.9065e+01 (+1.53e-02,-8.53e+01)  <none>
             a0Pass_33    4.0075e-04    4.0075e-04 (+1.27e-04,-1.33e-04)  <none>
             a1Fail_33   -1.9161e+00   -1.9165e+00         +/-  3.36e-01  <none>
             a1Pass_33   -9.1860e-06   -9.1857e-06         +/-  2.75e-06  <none>
             a2Fail_33    1.3833e-02    1.3833e-02         +/-  3.45e-03  <none>
             a2Pass_33    5.4049e-08    5.4053e-08         +/-  1.66e-08  <none>
                   eff    9.9308e-01    9.9308e-01 (+3.74e-03,-3.68e-03)  <none>
           meanFail_33   -2.0751e+00   -2.0754e+00 (+2.72e-01,-1.98e+00)  <none>
           meanPass_33    3.8724e-01    3.8725e-01 (+5.69e-02,-7.41e-02)  <none>
          sigmaFail_33    2.2668e-01    2.2670e-01         +/-  4.60e+00  <none>
          sigmaPass_33    5.8118e-01    5.8108e-01 (+1.52e-01,-1.56e-01)  <none>


  Correlation Matrix
 --------------------
   1.0000   0.0000   0.0021  -0.0000  -0.0000  -0.0014   0.0000  -0.0018  -0.0000  -0.0118   0.0002  -0.0000   0.0001  -0.0000
   0.0000   1.0000  -0.4810   0.0000   0.0201  -0.0000   0.1039  -0.0000   0.1733  -0.0192   0.0001  -0.0292  -0.0001  -0.1760
   0.0021  -0.4810   1.0000  -0.0001  -0.0100  -0.0173  -0.0515  -0.0232  -0.0860  -0.1392   0.0031   0.0145   0.0012   0.0873
  -0.0000   0.0000  -0.0001   1.0000   0.0000  -0.7424  -0.0000   0.5223   0.0000   0.0005   0.0003  -0.0000  -0.0003  -0.0000
  -0.0000   0.0201  -0.0100   0.0000   1.0000  -0.0000  -0.9350   0.0000   0.8491  -0.0005  -0.0005   0.0400   0.0005  -0.0293
  -0.0014  -0.0000  -0.0173  -0.7424  -0.0000   1.0000   0.0000  -0.4170  -0.0000   0.0976  -0.0039   0.0000  -0.0011   0.0000
   0.0000   0.1039  -0.0515  -0.0000  -0.9350   0.0000   1.0000  -0.0001  -0.9326  -0.0019   0.0005  -0.0045  -0.0005  -0.0220
  -0.0018  -0.0000  -0.0232   0.5223   0.0000  -0.4170  -0.0001   1.0000   0.0000   0.1307  -0.0063  -0.0000  -0.0027  -0.0000
  -0.0000   0.1733  -0.0860   0.0000   0.8491  -0.0000  -0.9326   0.0000   1.0000  -0.0035  -0.0004  -0.0231   0.0004  -0.0270
  -0.0118  -0.0192  -0.1392   0.0005  -0.0005   0.0976  -0.0019   0.1307  -0.0035   1.0000  -0.0179   0.0006  -0.0062   0.0035
   0.0002   0.0001   0.0031   0.0003  -0.0005  -0.0039   0.0005  -0.0063  -0.0004  -0.0179   1.0000   0.0000  -0.9962   0.0001
  -0.0000  -0.0292   0.0145  -0.0000   0.0400   0.0000  -0.0045  -0.0000  -0.0231   0.0006   0.0000   1.0000  -0.0000   0.2381
   0.0001  -0.0001   0.0012  -0.0003   0.0005  -0.0011  -0.0005  -0.0027   0.0004  -0.0062  -0.9962  -0.0000   1.0000  -0.0001
  -0.0000  -0.1760   0.0873  -0.0000  -0.0293   0.0000  -0.0220  -0.0000  -0.0270   0.0035   0.0001   0.2381  -0.0001   1.0000
