
  RooFitResult: minimized FCN value: -20835.8, estimated distance to minimum: 55.5153
                covariance matrix quality: Full matrix, but forced positive-definite
                Status : MINIMIZE=0 HESSE=0 MINOS=0 

    Floating Parameter  InitialValue    FinalValue (+HiError,-LoError)    GblCorr.
  --------------------  ------------  ----------------------------------  --------
              NbkgFail    9.3124e+02    9.3130e+02         +/-  7.06e+01  <none>
              NbkgPass    3.2279e+01    3.3625e+01         +/-  3.06e+03  <none>
                  Nsig    5.1960e+03    5.1991e+03         +/-  3.12e+02  <none>
             a0Fail_10    9.4903e+01    9.4940e+01         +/-  9.27e+01  <none>
             a0Pass_10   -3.2615e-05   -4.4447e-04         +/-  9.38e-04  <none>
             a1Fail_10    8.5346e+00    8.5429e+00         +/-  2.25e-01  <none>
             a1Pass_10    1.7353e-05    1.7362e-05         +/-  1.99e-05  <none>
             a2Fail_10   -6.9484e-02   -6.9420e-02 (+5.48e-03,-1.80e-03)  <none>
             a2Pass_10   -1.0517e-07   -1.0946e-07 (+5.09e-07,-1.44e-07)  <none>
                   eff    9.9580e-01    9.9585e-01         +/-  8.21e-03  <none>
           meanFail_10   -5.5133e+00   -5.4972e+00         +/-  1.55e+00  <none>
           meanPass_10    3.0729e-01    3.0926e-01         +/-  4.69e-02  <none>
          sigmaFail_10    3.5020e-01    3.9292e-01 (+8.26e-01,-3.93e-01)  <none>
          sigmaPass_10    4.8972e-01    4.9044e-01         +/-  1.12e-01  <none>


  Correlation Matrix
 --------------------
   1.0000  -0.4547   0.3961  -0.0005  -0.4310  -0.0301   0.4478  -0.0368   0.4490   0.7573  -0.0097  -0.0794   0.1129   0.3034
  -0.4547   1.0000  -0.9771   0.0006   0.9478   0.0240  -0.9847   0.0283  -0.9873  -0.6201   0.0075   0.1747  -0.0884  -0.6671
   0.3961  -0.9771   1.0000  -0.0006  -0.9262  -0.0210   0.9623  -0.0246   0.9648   0.5447  -0.0065  -0.1707   0.0770   0.6519
  -0.0005   0.0006  -0.0006   1.0000   0.0006  -0.0046  -0.0006  -0.0059  -0.0006  -0.0007  -0.0000   0.0001  -0.0001  -0.0004
  -0.4310   0.9478  -0.9262   0.0006   1.0000   0.0228  -0.9592   0.0269  -0.9418  -0.5879   0.0071   0.1694  -0.0838  -0.6284
  -0.0301   0.0240  -0.0210  -0.0046   0.0228   1.0000  -0.0237  -0.6988  -0.0237  -0.0392  -0.0043   0.0042  -0.0062  -0.0161
   0.4478  -0.9847   0.9623  -0.0006  -0.9592  -0.0237   1.0000  -0.0279   0.9581   0.6107  -0.0074  -0.1758   0.0871   0.6574
  -0.0368   0.0283  -0.0246  -0.0059   0.0269  -0.6988  -0.0279   1.0000  -0.0280  -0.0480  -0.0052   0.0049  -0.0076  -0.0189
   0.4490  -0.9873   0.9648  -0.0006  -0.9418  -0.0237   0.9581  -0.0280   1.0000   0.6124  -0.0074  -0.1760   0.0873   0.6589
   0.7573  -0.6201   0.5447  -0.0007  -0.5879  -0.0392   0.6107  -0.0480   0.6124   1.0000  -0.0126  -0.1083   0.1472   0.4138
  -0.0097   0.0075  -0.0065  -0.0000   0.0071  -0.0043  -0.0074  -0.0052  -0.0074  -0.0126   1.0000   0.0013   0.2074  -0.0050
  -0.0794   0.1747  -0.1707   0.0001   0.1694   0.0042  -0.1758   0.0049  -0.1760  -0.1083   0.0013   1.0000  -0.0155   0.2661
   0.1129  -0.0884   0.0770  -0.0001  -0.0838  -0.0062   0.0871  -0.0076   0.0873   0.1472   0.2074  -0.0155   1.0000   0.0590
   0.3034  -0.6671   0.6519  -0.0004  -0.6284  -0.0161   0.6574  -0.0189   0.6589   0.4138  -0.0050   0.2661   0.0590   1.0000
