
  RooFitResult: minimized FCN value: -9926.8, estimated distance to minimum: 6.42936
                covariance matrix quality: Full matrix, but forced positive-definite
                Status : MINIMIZE=0 HESSE=0 MINOS=0 

    Floating Parameter  InitialValue    FinalValue (+HiError,-LoError)    GblCorr.
  --------------------  ------------  ----------------------------------  --------
              NbkgFail    1.9529e+02    1.9529e+02         +/-  1.57e+01  <none>
              NbkgPass    8.2816e+01    8.2816e+01 (+2.32e+01,-4.18e+01)  <none>
                  Nsig    2.9559e+03    2.9559e+03 (+9.70e+01,-5.46e+01)  <none>
             a0Fail_29    1.9772e+01    1.9772e+01 (+1.84e+01,-5.98e+01)  <none>
             a0Pass_29   -2.0099e-01   -2.0099e-01         +/-  1.19e-07  <none>
             a1Fail_29    2.4016e+01    2.4016e+01 (+5.52e+01,-5.46e+01)  <none>
             a1Pass_29   -1.0045e-04   -1.0045e-04         +/-  1.20e-03  <none>
             a2Fail_29    1.4363e-01    1.4363e-01 (+5.65e+00,-4.74e+00)  <none>
             a2Pass_29    5.7505e-05    5.7505e-05         +/-  3.43e-11  <none>
                   eff    9.6244e-01    9.6244e-01         +/-  4.39e-03  <none>
           meanFail_29    5.8076e-02    5.8076e-02         +/-  5.56e-01  <none>
           meanPass_29    4.2975e-01    4.2975e-01 (+1.34e-01,-5.80e-02)  <none>
          sigmaFail_29    5.4950e-01    5.4950e-01         +/-  9.96e-01  <none>
          sigmaPass_29    4.2755e-01    4.4532e-01 (+2.10e-01,-6.17e-02)  <none>


  Correlation Matrix
 --------------------
   1.0000  -0.0015  -0.0831  -0.0209  -0.0000  -0.0159   0.0000  -0.0165  -0.0000   0.3548  -0.0787   0.0003  -0.1089   0.0003
  -0.0015   1.0000  -0.3196   0.0008  -0.0000   0.0011   0.0244   0.0011  -0.0000  -0.0548  -0.0002  -0.1496   0.0002  -0.1505
  -0.0831  -0.3196   1.0000   0.0043   0.0000   0.0020  -0.0091   0.0021   0.0000  -0.0790   0.0233   0.0562   0.0313   0.0565
  -0.0209   0.0008   0.0043   1.0000   0.0000   0.6025  -0.0056   0.6234   0.0000  -0.0248  -0.3847  -0.0007  -0.2725  -0.0005
  -0.0000  -0.0000   0.0000   0.0000   1.0000   0.0000  -0.0000   0.0000  -0.0000   0.0000  -0.0000   0.0000  -0.0000   0.0000
  -0.0159   0.0011   0.0020   0.6025   0.0000   1.0000  -0.0094   0.9975   0.0000  -0.0188  -0.6282  -0.0011  -0.4489  -0.0007
   0.0000   0.0244  -0.0091  -0.0056  -0.0000  -0.0094   1.0000  -0.0094  -0.0000  -0.0017   0.0060   0.1121   0.0043   0.0733
  -0.0165   0.0011   0.0021   0.6234   0.0000   0.9975  -0.0094   1.0000   0.0000  -0.0194  -0.6331  -0.0011  -0.4523  -0.0007
  -0.0000  -0.0000   0.0000   0.0000  -0.0000   0.0000  -0.0000   0.0000   1.0000   0.0000  -0.0000   0.0000  -0.0000   0.0000
   0.3548  -0.0548  -0.0790  -0.0248   0.0000  -0.0188  -0.0017  -0.0194   0.0000   1.0000  -0.0935   0.0096  -0.1295   0.0097
  -0.0787  -0.0002   0.0233  -0.3847  -0.0000  -0.6282   0.0060  -0.6331  -0.0000  -0.0935   1.0000   0.0004   0.8304   0.0002
   0.0003  -0.1496   0.0562  -0.0007   0.0000  -0.0011   0.1121  -0.0011   0.0000   0.0096   0.0004   1.0000   0.0002   0.8761
  -0.1089   0.0002   0.0313  -0.2725  -0.0000  -0.4489   0.0043  -0.4523  -0.0000  -0.1295   0.8304   0.0002   1.0000   0.0000
   0.0003  -0.1505   0.0565  -0.0005   0.0000  -0.0007   0.0733  -0.0007   0.0000   0.0097   0.0002   0.8761   0.0000   1.0000
