
  RooFitResult: minimized FCN value: -11647.6, estimated distance to minimum: 18.2082
                covariance matrix quality: Full, accurate covariance matrix
                Status : MINIMIZE=-1 HESSE=4 MINOS=4 

    Floating Parameter  InitialValue    FinalValue +/-  Error     GblCorr.
  --------------------  ------------  --------------------------  --------
              NbkgFail    1.3770e+02    1.3770e+02 +/-  1.38e+01  <none>
              NbkgPass    7.6229e+01    7.6229e+01 +/-  2.63e+01  <none>
                  Nsig    3.3666e+03    3.3666e+03 +/-  6.39e+01  <none>
             a0Fail_34    9.0589e+00    9.0589e+00 +/-  1.97e+01  <none>
             a0Pass_34   -1.8760e-01   -1.8760e-01 +/-  3.14e-08  <none>
             a1Fail_34    2.6457e+01    2.6457e+01 +/-  4.72e+01  <none>
             a1Pass_34    4.2104e-05    4.2104e-05 +/-  2.76e-09  <none>
             a2Fail_34    4.5356e+00    4.5356e+00 +/-  2.09e+00  <none>
             a2Pass_34    5.1408e-05    5.1408e-05 +/-  8.61e-12  <none>
                   eff    9.9441e-01    9.9441e-01 +/-  3.28e-03  <none>
           meanFail_34   -7.0868e+00   -7.0868e+00 +/-  3.89e+00  <none>
           meanPass_34    4.9762e-01    4.9762e-01 +/-  5.88e-02  <none>
          sigmaFail_34    3.0354e-01    3.0354e-01 +/-  7.52e-01  <none>
          sigmaPass_34    7.7950e-01    7.7950e-01 +/-  1.55e-01  <none>


  Correlation Matrix
 --------------------
   1.0000   0.0000  -0.0458   0.0001  -0.0000  -0.0705  -0.0000  -0.0033  -0.0000   0.2632   0.0685  -0.0000   0.0226  -0.0000
   0.0000   1.0000  -0.3658  -0.0000  -0.0000  -0.0000  -0.0000  -0.0000  -0.0000  -0.0118   0.0000  -0.0869   0.0000  -0.0903
  -0.0458  -0.3658   1.0000  -0.0000   0.0000   0.0394   0.0000   0.0018   0.0000  -0.1423  -0.0383   0.0357  -0.0126   0.0371
   0.0001  -0.0000  -0.0000   1.0000   0.0000   0.0001   0.0000   0.0000   0.0000   0.0002   0.0003   0.0000   0.0003   0.0000
  -0.0000  -0.0000   0.0000   0.0000   1.0000   0.0000   0.0000   0.0000   0.0000   0.0000  -0.0000   0.0000  -0.0000   0.0000
  -0.0705  -0.0000   0.0394   0.0001   0.0000   1.0000   0.0000   0.0031   0.0000  -0.2268  -0.2999   0.0000  -0.2175   0.0000
  -0.0000  -0.0000   0.0000   0.0000   0.0000   0.0000   1.0000   0.0000   0.0000   0.0000  -0.0000   0.0000  -0.0000   0.0000
  -0.0033  -0.0000   0.0018   0.0000   0.0000   0.0031   0.0000   1.0000   0.0000  -0.0105  -0.0138   0.0000  -0.0100   0.0000
  -0.0000  -0.0000   0.0000   0.0000   0.0000   0.0000   0.0000   0.0000   1.0000   0.0000  -0.0000   0.0000  -0.0000   0.0000
   0.2632  -0.0118  -0.1423   0.0002   0.0000  -0.2268   0.0000  -0.0105   0.0000   1.0000   0.2203   0.0011   0.0726   0.0012
   0.0685   0.0000  -0.0383   0.0003  -0.0000  -0.2999  -0.0000  -0.0138  -0.0000   0.2203   1.0000  -0.0000   0.7164  -0.0000
  -0.0000  -0.0869   0.0357   0.0000   0.0000   0.0000   0.0000   0.0000   0.0000   0.0011  -0.0000   1.0000  -0.0000   0.1133
   0.0226   0.0000  -0.0126   0.0003  -0.0000  -0.2175  -0.0000  -0.0100  -0.0000   0.0726   0.7164  -0.0000   1.0000  -0.0000
  -0.0000  -0.0903   0.0371   0.0000   0.0000   0.0000   0.0000   0.0000   0.0000   0.0012  -0.0000   0.1133  -0.0000   1.0000
