
  RooFitResult: minimized FCN value: -3592.46, estimated distance to minimum: 2.71975e+12
                covariance matrix quality: Full matrix, but forced positive-definite
                Status : MINIMIZE=-1 HESSE=4 MINOS=4 

    Floating Parameter  InitialValue    FinalValue +/-  Error     GblCorr.
  --------------------  ------------  --------------------------  --------
              NbkgFail    6.9300e+01    6.9300e+01 +/-  6.44e+00  <none>
              NbkgPass    3.5477e+01    3.5477e+01 +/-  1.47e+01  <none>
                  Nsig    1.4697e+03    1.4697e+03 +/-  3.83e+01  <none>
             a0Fail_24    5.1981e+00    5.1982e+00 +/-  3.82e+01  <none>
             a0Pass_24   -2.4146e-01   -2.4146e-01 +/-  1.34e-07  <none>
             a1Fail_24   -2.3738e+01   -2.3738e+01 +/-  5.81e+01  <none>
             a1Pass_24   -1.6922e-04   -1.6922e-04 +/-  1.15e-03  <none>
             a2Fail_24    9.3558e-01    9.3558e-01 +/-  1.83e+00  <none>
             a2Pass_24    6.9892e-05    6.9892e-05 +/-  3.88e-11  <none>
                   eff    9.9175e-01    9.9175e-01 +/-  1.32e-02  <none>
           meanFail_24   -4.9999e+00   -4.9999e+00 +/-  4.71e+00  <none>
           meanPass_24    8.4695e-01    8.4695e-01 +/-  1.01e-01  <none>
          sigmaFail_24    3.1067e-02    3.1067e-02 +/-  4.80e+00  <none>
          sigmaPass_24    1.3098e+00    1.3098e+00 +/-  2.02e-01  <none>


  Correlation Matrix
 --------------------
   1.0000  -0.0137  -0.1814   0.0001  -0.0000   0.2037   0.0072   0.2075  -0.0000   0.4382   0.4298   0.0020   0.4295   0.0021
  -0.0137   1.0000  -0.2429  -0.0000   0.0000  -0.0141   0.0142  -0.0144   0.0000  -0.0355  -0.0299  -0.0782  -0.0298  -0.1021
  -0.1814  -0.2429   1.0000  -0.0001  -0.0000  -0.1869  -0.0099  -0.1903  -0.0000  -0.4005  -0.3943   0.0219  -0.3941   0.0290
   0.0001  -0.0000  -0.0001   1.0000  -0.0000  -0.0008   0.0024  -0.0005  -0.0000   0.0003   0.0003   0.0002   0.0003  -0.0003
  -0.0000   0.0000  -0.0000  -0.0000   1.0000  -0.0000  -0.0000  -0.0000  -0.0000  -0.0000  -0.0000   0.0000  -0.0000  -0.0000
   0.2037  -0.0141  -0.1869  -0.0008  -0.0000   1.0000   0.0101  -0.3761  -0.0000   0.4514   0.4522   0.0023   0.4524   0.0018
   0.0072   0.0142  -0.0099   0.0024  -0.0000   0.0101   1.0000   0.0051  -0.0000   0.0163   0.0156   0.0966   0.0156   0.0103
   0.2075  -0.0144  -0.1903  -0.0005  -0.0000  -0.3761   0.0051   1.0000  -0.0000   0.4598   0.4606   0.0019   0.4608   0.0025
  -0.0000   0.0000  -0.0000  -0.0000  -0.0000  -0.0000  -0.0000  -0.0000   1.0000  -0.0000  -0.0000   0.0000  -0.0000  -0.0000
   0.4382  -0.0355  -0.4005   0.0003  -0.0000   0.4514   0.0163   0.4598  -0.0000   1.0000   0.9526   0.0050   0.9519   0.0053
   0.4298  -0.0299  -0.3943   0.0003  -0.0000   0.4522   0.0156   0.4606  -0.0000   0.9526   1.0000   0.0044   0.9982   0.0046
   0.0020  -0.0782   0.0219   0.0002   0.0000   0.0023   0.0966   0.0019   0.0000   0.0050   0.0044   1.0000   0.0044   0.1277
   0.4295  -0.0298  -0.3941   0.0003  -0.0000   0.4524   0.0156   0.4608  -0.0000   0.9519   0.9982   0.0044   1.0000   0.0045
   0.0021  -0.1021   0.0290  -0.0003  -0.0000   0.0018   0.0103   0.0025  -0.0000   0.0053   0.0046   0.1277   0.0045   1.0000
