
  RooFitResult: minimized FCN value: -48156.5, estimated distance to minimum: 0.00010785
                covariance matrix quality: Full, accurate covariance matrix
                Status : MINIMIZE=0 HESSE=0 MINOS=0 

    Floating Parameter  InitialValue    FinalValue (+HiError,-LoError)    GblCorr.
  --------------------  ------------  ----------------------------------  --------
              NbkgFail    1.8829e+03    1.8826e+03         +/-  1.42e+02  <none>
              NbkgPass    3.2062e+02    3.2062e+02 (+6.23e+01,-6.27e+01)  <none>
                  Nsig    9.8615e+03    9.8617e+03 (+1.81e+02,-1.78e+02)  <none>
              a0Fail_7    9.7608e+01    9.7608e+01 (+2.12e-05,-6.02e+01)  <none>
              a0Pass_7    2.9433e-05    2.9430e-05 (+1.14e-05,-1.19e-05)  <none>
              a1Fail_7    5.9419e+00    5.9419e+00 (+1.23e+00,-1.99e-05)  <none>
              a1Pass_7   -4.0780e-07   -4.0781e-07 (+1.00e-07,-1.05e-07)  <none>
              a2Fail_7   -5.0001e-02   -5.0003e-02 (+3.17e-03,-1.02e-02)  <none>
              a2Pass_7    1.3976e-09    1.3978e-09 (+4.28e-10,-4.52e-10)  <none>
                   eff    9.7413e-01    9.7410e-01         +/-  1.36e-02  <none>
            meanFail_7   -1.0000e+01   -1.0000e+01         +/-  5.25e-01  <none>
            meanPass_7    3.7221e-01    3.7217e-01 (+4.31e-02,-7.97e-02)  <none>
           sigmaFail_7    5.0000e+00    5.0000e+00         +/-  6.54e-01  <none>
           sigmaPass_7    4.8616e-01    4.8606e-01 (+7.62e-02,-9.99e-02)  <none>


  Correlation Matrix
 --------------------
   1.0000   0.0001  -0.7346   0.0020   0.0017   0.0007  -0.0020  -0.2687   0.0008   0.9464  -0.0078  -0.0002   0.0123  -0.0002
   0.0001   1.0000  -0.2880   0.0000   0.2786  -0.0000  -0.1383  -0.0000  -0.2435  -0.0098  -0.0000  -0.0283   0.0000  -0.0928
  -0.7346  -0.2880   1.0000  -0.0017  -0.0903  -0.0005   0.0457   0.2172   0.0772  -0.7622   0.0063   0.0092  -0.0100   0.0298
   0.0020   0.0000  -0.0017   1.0000   0.0000   0.0000  -0.0000   0.0973   0.0000   0.0021   0.0000  -0.0000   0.0000  -0.0000
   0.0017   0.2786  -0.0903   0.0000   1.0000  -0.0002  -0.8633  -0.0003  -0.1386  -0.0015  -0.0000  -0.0834   0.0000  -0.0990
   0.0007  -0.0000  -0.0005   0.0000  -0.0002   1.0000   0.0002  -0.3001  -0.0001   0.0007   0.0000   0.0000   0.0000   0.0000
  -0.0020  -0.1383   0.0457  -0.0000  -0.8633   0.0002   1.0000   0.0003  -0.3781  -0.0003   0.0000   0.0414  -0.0000   0.0508
  -0.2687  -0.0000   0.2172   0.0973  -0.0003  -0.3001   0.0003   1.0000  -0.0001  -0.2799   0.0025   0.0000  -0.0018   0.0000
   0.0008  -0.2435   0.0772   0.0000  -0.1386  -0.0001  -0.3781  -0.0001   1.0000   0.0034  -0.0000   0.0650   0.0000   0.0814
   0.9464  -0.0098  -0.7622   0.0021  -0.0015   0.0007  -0.0003  -0.2799   0.0034   1.0000  -0.0081   0.0001   0.0128   0.0008
  -0.0078  -0.0000   0.0063   0.0000  -0.0000   0.0000   0.0000   0.0025  -0.0000  -0.0081   1.0000   0.0000  -0.0000   0.0000
  -0.0002  -0.0283   0.0092  -0.0000  -0.0834   0.0000   0.0414   0.0000   0.0650   0.0001   0.0000   1.0000  -0.0000   0.5806
   0.0123   0.0000  -0.0100   0.0000   0.0000   0.0000  -0.0000  -0.0018   0.0000   0.0128  -0.0000  -0.0000   1.0000  -0.0000
  -0.0002  -0.0928   0.0298  -0.0000  -0.0990   0.0000   0.0508   0.0000   0.0814   0.0008   0.0000   0.5806  -0.0000   1.0000
