
  RooFitResult: minimized FCN value: -18032.3, estimated distance to minimum: 4.62945e-05
                covariance matrix quality: Full matrix, but forced positive-definite
                Status : MINIMIZE=0 HESSE=0 MINOS=0 

    Floating Parameter  InitialValue    FinalValue (+HiError,-LoError)    GblCorr.
  --------------------  ------------  ----------------------------------  --------
              NbkgFail    7.7670e+02    7.7670e+02 (+2.30e+01,-1.33e-03)  <none>
              NbkgPass    1.5554e+02    1.5560e+02 (+4.57e+01,-4.47e+01)  <none>
                  Nsig    4.6560e+03    4.6581e+03 (+8.51e+01,-8.44e+01)  <none>
              a0Fail_2    4.1381e+01    4.1381e+01 (+1.09e-06,-3.71e+00)  <none>
              a0Pass_2    2.0339e-02    2.0339e-02 (+1.77e-03,-1.97e-03)  <none>
              a1Fail_2   -6.2236e-01   -6.2236e-01 (+1.24e-07,-4.08e-02)  <none>
              a1Pass_2   -3.6355e-04   -3.6355e-04 (+1.81e-05,-2.01e-05)  <none>
              a2Fail_2    2.5691e-03    2.5685e-03 (+1.68e-04,-3.73e-05)  <none>
              a2Pass_2    1.6438e-06    1.6438e-06 (+1.33e-07,-1.48e-07)  <none>
                   eff    9.7863e-01    9.7817e-01 (+6.21e-03,-5.82e-03)  <none>
            meanFail_2   -9.4889e+00   -9.0548e+00 (+8.25e-01,-1.96e+00)  <none>
            meanPass_2    3.7746e-01    3.7746e-01 (+4.83e-02,-5.04e-02)  <none>
           sigmaFail_2    9.1576e-02    2.2260e-01         +/-  4.79e+00  <none>
           sigmaPass_2    5.7628e-01    5.7622e-01 (+1.15e-01,-1.16e-01)  <none>


  Correlation Matrix
 --------------------
   1.0000   0.0000   0.0013   0.0000   0.0000   0.0000  -0.0000  -0.0005  -0.0000  -0.0040   0.0001  -0.0000  -0.0000  -0.0000
   0.0000   1.0000  -0.4211  -0.0000   0.3958   0.0000   0.0036  -0.0001  -0.3679  -0.0289   0.0002   0.0315  -0.0002  -0.0872
   0.0013  -0.4211   1.0000   0.0002  -0.1863   0.0003  -0.0017  -0.0373   0.1732  -0.2758   0.0055  -0.0148  -0.0032   0.0410
   0.0000  -0.0000   0.0002   1.0000  -0.0000  -0.0000   0.0000   0.0133   0.0000  -0.0006   0.0001   0.0000  -0.0000   0.0000
   0.0000   0.3958  -0.1863  -0.0000   1.0000  -0.0000  -0.5729  -0.0001  -0.2917  -0.0128   0.0006  -0.0368  -0.0006  -0.1123
   0.0000   0.0000   0.0003  -0.0000  -0.0000   1.0000   0.0000   0.0440  -0.0000  -0.0009   0.0001   0.0000  -0.0000  -0.0000
  -0.0000   0.0036  -0.0017   0.0000  -0.5729   0.0000   1.0000   0.0000  -0.6091  -0.0001  -0.0004  -0.0035   0.0004  -0.0023
  -0.0005  -0.0001  -0.0373   0.0133  -0.0001   0.0440   0.0000   1.0000   0.0001   0.1111  -0.0041  -0.0000   0.0024   0.0000
  -0.0000  -0.3679   0.1732   0.0000  -0.2917  -0.0000  -0.6091   0.0001   1.0000   0.0119  -0.0002   0.0266   0.0002   0.1011
  -0.0040  -0.0289  -0.2758  -0.0006  -0.0128  -0.0009  -0.0001   0.1111   0.0119   1.0000  -0.0165  -0.0010   0.0096   0.0028
   0.0001   0.0002   0.0055   0.0001   0.0006   0.0001  -0.0004  -0.0041  -0.0002  -0.0165   1.0000  -0.0001  -0.9970  -0.0002
  -0.0000   0.0315  -0.0148   0.0000  -0.0368   0.0000  -0.0035  -0.0000   0.0266  -0.0010  -0.0001   1.0000   0.0001   0.1272
  -0.0000  -0.0002  -0.0032  -0.0000  -0.0006  -0.0000   0.0004   0.0024   0.0002   0.0096  -0.9970   0.0001   1.0000   0.0002
  -0.0000  -0.0872   0.0410   0.0000  -0.1123  -0.0000  -0.0023   0.0000   0.1011   0.0028  -0.0002   0.1272   0.0002   1.0000
