
  RooFitResult: minimized FCN value: -133161, estimated distance to minimum: 32.1392
                covariance matrix quality: Full matrix, but forced positive-definite
                Status : MINIMIZE=-1 HESSE=4 MINOS=4 

    Floating Parameter  InitialValue    FinalValue +/-  Error     GblCorr.
  --------------------  ------------  --------------------------  --------
              NbkgFail    1.0017e+03    1.0017e+03 +/-  4.56e+00  <none>
              NbkgPass    6.5929e+01    6.5953e+01 +/-  4.01e+01  <none>
                  Nsig    2.3569e+04    2.3569e+04 +/-  1.60e+02  <none>
             a0Fail_16   -7.9997e+01   -7.9997e+01 +/-  8.98e+01  <none>
             a0Pass_16    7.9267e-02    7.9139e-02 +/-  4.67e+00  <none>
             a1Fail_16    8.1339e+00    8.1327e+00 +/-  3.00e+00  <none>
             a1Pass_16    1.1586e-05    1.1317e-05 +/-  2.84e-04  <none>
             a2Fail_16   -4.8730e-02   -4.8731e-02 +/-  2.16e-02  <none>
             a2Pass_16   -6.7006e-07   -6.7025e-07 +/-  3.76e-05  <none>
                   eff    9.9068e-01    9.9069e-01 +/-  1.16e-03  <none>
           meanFail_16    4.3936e-01    4.5919e-01 +/-  8.06e-01  <none>
           meanPass_16    3.7088e-04    3.7086e-04 +/-  3.02e-05  <none>
          sigmaFail_16    3.3969e-02    2.8851e-02 +/-  4.09e+00  <none>
          sigmaPass_16    1.3400e-02    1.3399e-02 +/-  6.35e-06  <none>


  Correlation Matrix
 --------------------
   1.0000   0.0000  -0.0009  -0.0001   0.0000  -0.0007   0.0000   0.0006  -0.0000   0.0051   0.0038  -0.0000  -0.0037  -0.0000
   0.0000   1.0000  -0.2407  -0.0000  -0.0233   0.0000  -0.0048  -0.0000   0.0327  -0.0131   0.0000   0.0136  -0.0000   0.0000
  -0.0009  -0.2407   1.0000   0.0019   0.0058   0.0158   0.0012  -0.0137  -0.0082  -0.1181  -0.0897  -0.0034   0.0870  -0.0000
  -0.0001  -0.0000   0.0019   1.0000  -0.0000   0.0151  -0.0000  -0.0174   0.0000  -0.0112  -0.0098   0.0000   0.0098   0.0000
   0.0000  -0.0233   0.0058  -0.0000   1.0000  -0.0000   0.0704   0.0000  -0.9686   0.0004   0.0001  -0.0033  -0.0001   0.0000
  -0.0007   0.0000   0.0158   0.0151  -0.0000   1.0000  -0.0000  -0.9940   0.0000  -0.0920  -0.0865   0.0000   0.0863   0.0000
   0.0000  -0.0048   0.0012  -0.0000   0.0704  -0.0000   1.0000   0.0000  -0.0685   0.0001   0.0000  -0.0017  -0.0000   0.0000
   0.0006  -0.0000  -0.0137  -0.0174   0.0000  -0.9940   0.0000   1.0000  -0.0000   0.0799   0.0619  -0.0000  -0.0618  -0.0000
  -0.0000   0.0327  -0.0082   0.0000  -0.9686   0.0000  -0.0685  -0.0000   1.0000  -0.0005  -0.0001  -0.0153   0.0001  -0.0000
   0.0051  -0.0131  -0.1181  -0.0112   0.0004  -0.0920   0.0001   0.0799  -0.0005   1.0000   0.5225  -0.0002  -0.5066  -0.0000
   0.0038   0.0000  -0.0897  -0.0098   0.0001  -0.0865   0.0000   0.0619  -0.0001   0.5225   1.0000  -0.0000  -0.9328  -0.0000
  -0.0000   0.0136  -0.0034   0.0000  -0.0033   0.0000  -0.0017  -0.0000  -0.0153  -0.0002  -0.0000   1.0000   0.0000   0.0118
  -0.0037  -0.0000   0.0870   0.0098  -0.0001   0.0863  -0.0000  -0.0618   0.0001  -0.5066  -0.9328   0.0000   1.0000   0.0000
  -0.0000   0.0000  -0.0000   0.0000   0.0000   0.0000   0.0000  -0.0000  -0.0000  -0.0000  -0.0000   0.0118   0.0000   1.0000
