
  RooFitResult: minimized FCN value: -62497.5, estimated distance to minimum: 0.000604528
                covariance matrix quality: Full, accurate covariance matrix
                Status : MINIMIZE=0 HESSE=0 MINOS=0 

    Floating Parameter  InitialValue    FinalValue (+HiError,-LoError)    GblCorr.
  --------------------  ------------  ----------------------------------  --------
              NbkgFail    3.9150e+02    3.9150e+02         +/-  2.31e+01  <none>
              NbkgPass    6.8601e+01    6.8681e+01         +/-  3.10e+01  <none>
                  Nsig    1.2599e+04    1.2599e+04         +/-  1.21e+02  <none>
             a0Fail_14   -2.9881e+01   -2.9836e+01         +/-  6.84e+01  <none>
             a0Pass_14    2.2530e-06    2.2528e-06         +/-  1.00e-05  <none>
             a1Fail_14    4.6601e+00    4.6596e+00         +/-  3.06e+00  <none>
             a1Pass_14   -1.1274e-08   -1.1440e-08         +/-  4.45e-08  <none>
             a2Fail_14   -3.1062e-02   -3.1068e-02         +/-  3.02e-02  <none>
             a2Pass_14    2.6450e-11    2.3892e-11         +/-  1.99e-10  <none>
                   eff    9.9656e-01    9.9652e-01 (+2.62e-03,-1.59e-03)  <none>
           meanFail_14    3.1768e-01    1.9866e-01 (+2.58e+00,-2.03e+00)  <none>
           meanPass_14    3.1916e-01    3.1855e-01 (+4.38e-02,-6.52e-02)  <none>
          sigmaFail_14    2.6999e-01    2.8524e-01         +/-  2.95e+00  <none>
          sigmaPass_14    4.5236e-01    4.5136e-01         +/-  9.04e-02  <none>


  Correlation Matrix
 --------------------
   1.0000  -0.0000   0.2207   0.1698  -0.0000  -0.0179  -0.0000  -0.0304   0.0000  -0.8032  -0.1112   0.0000   0.0112   0.0000
  -0.0000   1.0000  -0.2385  -0.0000   0.0431   0.0001   0.0472  -0.0001  -0.1122  -0.0030   0.0000  -0.0357   0.0000  -0.0495
   0.2207  -0.2385   1.0000   0.0557  -0.0111  -0.0059  -0.0121  -0.0100   0.0288  -0.2630  -0.0365   0.0092   0.0037   0.0127
   0.1698  -0.0000   0.0557   1.0000   0.0000  -0.2224  -0.0000   0.0232   0.0000  -0.2029  -0.0351   0.0000   0.0080   0.0000
  -0.0000   0.0431  -0.0111   0.0000   1.0000  -0.0000  -0.7314   0.0000   0.1831  -0.0001  -0.0000  -0.0235  -0.0000  -0.0104
  -0.0179   0.0001  -0.0059  -0.2224  -0.0000   1.0000   0.0000  -0.9785  -0.0000   0.0214   0.0032  -0.0000  -0.0001  -0.0000
  -0.0000   0.0472  -0.0121  -0.0000  -0.7314   0.0000   1.0000  -0.0000  -0.6752  -0.0002   0.0000  -0.0028   0.0000  -0.0043
  -0.0304  -0.0001  -0.0100   0.0232   0.0000  -0.9785  -0.0000   1.0000   0.0000   0.0363   0.0053  -0.0000  -0.0010   0.0000
   0.0000  -0.1122   0.0288   0.0000   0.1831  -0.0000  -0.6752   0.0000   1.0000   0.0004  -0.0000  -0.0057  -0.0000   0.0084
  -0.8032  -0.0030  -0.2630  -0.2029  -0.0001   0.0214  -0.0002   0.0363   0.0004   1.0000   0.1329   0.0001  -0.0134   0.0002
  -0.1112   0.0000  -0.0365  -0.0351  -0.0000   0.0032   0.0000   0.0053  -0.0000   0.1329   1.0000  -0.0000   0.9344  -0.0000
   0.0000  -0.0357   0.0092   0.0000  -0.0235  -0.0000  -0.0028  -0.0000  -0.0057   0.0001  -0.0000   1.0000   0.0000   0.8882
   0.0112   0.0000   0.0037   0.0080  -0.0000  -0.0001   0.0000  -0.0010  -0.0000  -0.0134   0.9344   0.0000   1.0000   0.0000
   0.0000  -0.0495   0.0127   0.0000  -0.0104  -0.0000  -0.0043   0.0000   0.0084   0.0002  -0.0000   0.8882   0.0000   1.0000
