
  RooFitResult: minimized FCN value: -3768.82, estimated distance to minimum: 53.7708
                covariance matrix quality: Full matrix, but forced positive-definite
                Status : MINIMIZE=-1 HESSE=4 MINOS=4 

    Floating Parameter  InitialValue    FinalValue +/-  Error     GblCorr.
  --------------------  ------------  --------------------------  --------
              NbkgFail    6.8400e+01    6.8400e+01 +/-  5.26e+00  <none>
              NbkgPass    2.2290e+01    2.2412e+01 +/-  1.57e+01  <none>
                  Nsig    1.5278e+03    1.5282e+03 +/-  3.82e+01  <none>
             a0Fail_35   -7.0992e+01   -7.0590e+01 +/-  9.35e+01  <none>
             a0Pass_35   -5.2033e-01   -5.2033e-01 +/-  6.30e-07  <none>
             a1Fail_35    1.3405e+00    1.3466e+00 +/-  5.21e-01  <none>
             a1Pass_35   -4.3623e-04   -4.3623e-04 +/-  4.93e-09  <none>
             a2Fail_35   -2.6017e-03   -2.8332e-03 +/-  3.32e-02  <none>
             a2Pass_35    1.5181e-04    1.5181e-04 +/-  1.84e-10  <none>
                   eff    9.9027e-01    9.8966e-01 +/-  4.75e-03  <none>
           meanFail_35    8.3077e+00    8.1800e+00 +/-  4.13e-02  <none>
           meanPass_35    8.4900e-01    8.4941e-01 +/-  1.01e-01  <none>
          sigmaFail_35    1.2617e-02    1.2533e-02 +/-  8.38e-03  <none>
          sigmaPass_35    8.3896e-01    8.4082e-01 +/-  3.25e-01  <none>


  Correlation Matrix
 --------------------
   1.0000  -0.0001  -0.0022  -0.0075   0.0000  -0.0071   0.0000   0.0077   0.0000   0.0130  -0.0000   0.0000  -0.0000   0.0000
  -0.0001   1.0000  -0.3179   0.0036  -0.0000   0.0035  -0.0000  -0.0038  -0.0000  -0.0252   0.0000  -0.0898   0.0000  -0.1079
  -0.0022  -0.3179   1.0000   0.0688   0.0000   0.0654   0.0000  -0.0710   0.0000  -0.1138   0.0000   0.0313   0.0000   0.0376
  -0.0075   0.0036   0.0688   1.0000  -0.0000   0.8965   0.0000  -0.9850   0.0000  -0.4181   0.0000  -0.0004   0.0000  -0.0004
   0.0000  -0.0000   0.0000  -0.0000   1.0000  -0.0000   0.0000   0.0000   0.0000   0.0000  -0.0000   0.0000  -0.0000   0.0000
  -0.0071   0.0035   0.0654   0.8965  -0.0000   1.0000   0.0000  -0.9536   0.0000  -0.3975   0.0000  -0.0003   0.0000  -0.0004
   0.0000  -0.0000   0.0000   0.0000   0.0000   0.0000   1.0000  -0.0000   0.0000   0.0000   0.0000   0.0000   0.0000   0.0000
   0.0077  -0.0038  -0.0710  -0.9850   0.0000  -0.9536  -0.0000   1.0000  -0.0000   0.4315  -0.0000   0.0004  -0.0000   0.0004
   0.0000  -0.0000   0.0000   0.0000   0.0000   0.0000   0.0000  -0.0000   1.0000   0.0000   0.0000   0.0000   0.0000   0.0000
   0.0130  -0.0252  -0.1138  -0.4181   0.0000  -0.3975   0.0000   0.4315   0.0000   1.0000  -0.0000   0.0025  -0.0000   0.0030
  -0.0000   0.0000   0.0000   0.0000  -0.0000   0.0000   0.0000  -0.0000   0.0000  -0.0000   1.0000  -0.0000   0.0000  -0.0000
   0.0000  -0.0898   0.0313  -0.0004   0.0000  -0.0003   0.0000   0.0004   0.0000   0.0025  -0.0000   1.0000  -0.0000   0.1633
  -0.0000   0.0000   0.0000   0.0000  -0.0000   0.0000   0.0000  -0.0000   0.0000  -0.0000   0.0000  -0.0000   1.0000  -0.0000
   0.0000  -0.1079   0.0376  -0.0004   0.0000  -0.0004   0.0000   0.0004   0.0000   0.0030  -0.0000   0.1633  -0.0000   1.0000
