
  RooFitResult: minimized FCN value: -11541.6, estimated distance to minimum: 0.00150948
                covariance matrix quality: Full, accurate covariance matrix
                Status : MINIMIZE=-1 HESSE=4 MINOS=4 

    Floating Parameter  InitialValue    FinalValue +/-  Error     GblCorr.
  --------------------  ------------  --------------------------  --------
              NbkgFail    1.3770e+02    1.3770e+02 +/-  1.21e+01  <none>
              NbkgPass    1.1132e+02    1.1130e+02 +/-  2.62e+01  <none>
                  Nsig    3.2911e+03    3.2911e+03 +/-  6.32e+01  <none>
             a0Fail_26   -4.9991e+01   -4.9991e+01 +/-  5.01e+01  <none>
             a0Pass_26   -1.4158e+00   -1.4158e+00 +/-  2.25e-07  <none>
             a1Fail_26    4.1785e+01    4.0896e+01 +/-  4.57e+01  <none>
             a1Pass_26   -1.0334e-03   -1.0334e-03 +/-  4.24e-09  <none>
             a2Fail_26    6.4941e-01    6.2401e-01 +/-  4.98e+00  <none>
             a2Pass_26    4.1051e-04    4.1051e-04 +/-  6.57e-11  <none>
                   eff    9.9351e-01    9.9351e-01 +/-  3.69e-03  <none>
           meanFail_26   -1.0000e+01   -1.0000e+01 +/-  1.90e+01  <none>
           meanPass_26    5.7253e-01    5.7264e-01 +/-  5.62e-02  <none>
          sigmaFail_26    1.3822e+00    1.3828e+00 +/-  1.31e+00  <none>
          sigmaPass_26    7.7036e-01    7.7029e-01 +/-  1.35e-01  <none>


  Correlation Matrix
 --------------------
   1.0000   0.0000  -0.0123   0.0007  -0.0000   0.0240  -0.0000   0.0156  -0.0000   0.0634   0.0013  -0.0000  -0.0056  -0.0000
   0.0000   1.0000  -0.3474   0.0000  -0.0000   0.0002  -0.0000   0.0001  -0.0000  -0.0112  -0.0000  -0.0831  -0.0001  -0.0723
  -0.0123  -0.3474   1.0000  -0.0020   0.0000  -0.0626   0.0000  -0.0405   0.0000  -0.1604  -0.0035   0.0345   0.0147   0.0300
   0.0007   0.0000  -0.0020   1.0000  -0.0000   0.0375  -0.0000   0.0512  -0.0000   0.0101   0.0021  -0.0000  -0.0015  -0.0000
  -0.0000  -0.0000   0.0000  -0.0000   1.0000  -0.0000   0.0000  -0.0000  -0.0000   0.0000  -0.0000   0.0000   0.0000   0.0000
   0.0240   0.0002  -0.0626   0.0375  -0.0000   1.0000  -0.0000   0.9547  -0.0000   0.3241   0.0525  -0.0000  -0.0411  -0.0000
  -0.0000  -0.0000   0.0000  -0.0000   0.0000  -0.0000   1.0000  -0.0000   0.0000   0.0000  -0.0000   0.0000   0.0000   0.0000
   0.0156   0.0001  -0.0405   0.0512  -0.0000   0.9547  -0.0000   1.0000  -0.0000   0.2099   0.0349  -0.0000  -0.0268  -0.0000
  -0.0000  -0.0000   0.0000  -0.0000  -0.0000  -0.0000   0.0000  -0.0000   1.0000   0.0000  -0.0000   0.0000   0.0000   0.0000
   0.0634  -0.0112  -0.1604   0.0101   0.0000   0.3241   0.0000   0.2099   0.0000   1.0000   0.0181   0.0011  -0.0759   0.0010
   0.0013  -0.0000  -0.0035   0.0021  -0.0000   0.0525  -0.0000   0.0349  -0.0000   0.0181   1.0000   0.0000   0.0794   0.0000
  -0.0000  -0.0831   0.0345  -0.0000   0.0000  -0.0000   0.0000  -0.0000   0.0000   0.0011   0.0000   1.0000   0.0000   0.0801
  -0.0056  -0.0001   0.0147  -0.0015   0.0000  -0.0411   0.0000  -0.0268   0.0000  -0.0759   0.0794   0.0000   1.0000   0.0000
  -0.0000  -0.0723   0.0300  -0.0000   0.0000  -0.0000   0.0000  -0.0000   0.0000   0.0010   0.0000   0.0801   0.0000   1.0000
