
  RooFitResult: minimized FCN value: -24441.6, estimated distance to minimum: 9435.1
                covariance matrix quality: Full matrix, but forced positive-definite
                Status : MINIMIZE=0 HESSE=0 MINOS=0 

    Floating Parameter  InitialValue    FinalValue (+HiError,-LoError)    GblCorr.
  --------------------  ------------  ----------------------------------  --------
              NbkgFail    1.2423e+03    1.0367e+03         +/-  9.06e+00  <none>
              NbkgPass    1.0555e+02    1.7609e+02 (+4.98e+01,-7.94e+00)  <none>
                  Nsig    5.5635e+03    5.6737e+03         +/-  4.94e+01  <none>
              a0Fail_5    5.6455e+01    6.4373e+01         +/-  9.39e-02  <none>
              a0Pass_5    2.7780e-04    2.7799e-04         +/-  3.27e-05  <none>
              a1Fail_5    3.2384e+01    3.2403e+01         +/-  1.07e-03  <none>
              a1Pass_5    5.3907e-06    5.3909e-06         +/-  1.22e-10  <none>
              a2Fail_5   -2.5436e-01   -2.5034e-01         +/-  2.65e-02  <none>
              a2Pass_5   -6.4156e-08   -6.4149e-08         +/-  1.61e-09  <none>
                   eff    9.9212e-01    9.6064e-01         +/-  1.33e-02  <none>
            meanFail_5    4.2347e-01    1.7313e-01         +/-  1.49e+01  <none>
            meanPass_5    2.7768e-01    2.6610e-01 (+1.18e-01,-1.43e-02)  <none>
           sigmaFail_5    4.0025e-01    2.4338e-01         +/-  1.11e-01  <none>
           sigmaPass_5    6.0734e-01    5.3657e-01         +/-  1.43e-02  <none>


  Correlation Matrix
 --------------------
   1.0000  -0.0366  -0.7491  -0.0284   0.0107  -0.0500   0.0000  -0.8637   0.0047   0.8631   0.8658   0.0090  -0.8617   0.0024
  -0.0366   1.0000   0.0215   0.0014  -0.0501   0.0024  -0.0000   0.0421  -0.0309  -0.0428  -0.0422   0.0029   0.0420  -0.0023
  -0.7491   0.0215   1.0000   0.0284  -0.0076   0.0499  -0.0000   0.8622  -0.0028  -0.8615  -0.8643  -0.0091   0.8602  -0.0023
  -0.0284   0.0014   0.0284   1.0000  -0.0004   0.0019  -0.0000   0.0328  -0.0002  -0.0327  -0.0328  -0.0003   0.0327  -0.0001
   0.0107  -0.0501  -0.0076  -0.0004   1.0000  -0.0007  -0.0001  -0.0124  -0.1414   0.0125   0.0124  -0.0127  -0.0123  -0.0008
  -0.0500   0.0024   0.0499   0.0019  -0.0007   1.0000  -0.0000   0.0576  -0.0003  -0.0575  -0.0578  -0.0006   0.0575  -0.0002
   0.0000  -0.0000  -0.0000  -0.0000  -0.0001  -0.0000   1.0000  -0.0000  -0.0001   0.0000   0.0000  -0.0000  -0.0000  -0.0000
  -0.8637   0.0421   0.8622   0.0328  -0.0124   0.0576  -0.0000   1.0000  -0.0055  -0.9934  -0.9977  -0.0103   0.9930  -0.0028
   0.0047  -0.0309  -0.0028  -0.0002  -0.1414  -0.0003  -0.0001  -0.0055   1.0000   0.0056   0.0055  -0.0085  -0.0055  -0.0007
   0.8631  -0.0428  -0.8615  -0.0327   0.0125  -0.0575   0.0000  -0.9934   0.0056   1.0000   0.9957   0.0103  -0.9911   0.0028
   0.8658  -0.0422  -0.8643  -0.0328   0.0124  -0.0578   0.0000  -0.9977   0.0055   0.9957   1.0000   0.0103  -0.9953   0.0028
   0.0090   0.0029  -0.0091  -0.0003  -0.0127  -0.0006  -0.0000  -0.0103  -0.0085   0.0103   0.0103   1.0000  -0.0103   0.0282
  -0.8617   0.0420   0.8602   0.0327  -0.0123   0.0575  -0.0000   0.9930  -0.0055  -0.9911  -0.9953  -0.0103   1.0000  -0.0028
   0.0024  -0.0023  -0.0023  -0.0001  -0.0008  -0.0002  -0.0000  -0.0028  -0.0007   0.0028   0.0028   0.0282  -0.0028   1.0000
