
  RooFitResult: minimized FCN value: -24387.2, estimated distance to minimum: 0.00865551
                covariance matrix quality: Full, accurate covariance matrix
                Status : MINIMIZE=-1 HESSE=4 MINOS=4 

    Floating Parameter  InitialValue    FinalValue (+HiError,-LoError)    GblCorr.
  --------------------  ------------  ----------------------------------  --------
              NbkgFail    2.9804e+02    2.9803e+02         +/-  2.52e+01  <none>
              NbkgPass    9.1330e+01    9.0376e+01         +/-  4.05e+01  <none>
                  Nsig    5.9396e+03    5.9406e+03         +/-  8.84e+01  <none>
             a0Fail_31    1.9839e+01    1.9844e+01         +/-  5.09e+01  <none>
             a0Pass_31    1.2238e-01    1.2235e-01         +/-  1.70e-02  <none>
             a1Fail_31    5.9207e+01    5.9335e+01         +/-  7.65e+01  <none>
             a1Pass_31   -3.1280e-03   -3.1293e-03         +/-  2.62e-04  <none>
             a2Fail_31    3.6200e-01    3.5471e-01         +/-  1.43e+00  <none>
             a2Pass_31    2.0021e-05    2.0009e-05         +/-  5.04e-11  <none>
                   eff    9.7930e-01    9.7930e-01 (+3.47e-03,--0.00e+00)  <none>
           meanFail_31    5.8493e-01    5.8509e-01         +/-  7.11e-01  <none>
           meanPass_31    2.7723e-02    2.7745e-02         +/-  2.06e-01  <none>
          sigmaFail_31    2.5480e+00    2.5476e+00         +/-  7.16e-01  <none>
          sigmaPass_31    1.0269e-01    1.0277e-01         +/-  3.64e-01  <none>


  Correlation Matrix
 --------------------
   1.0000  -0.0055  -0.1504   0.0021   0.0084  -0.0052  -0.0082   0.0039   0.0000   0.6249  -0.1181  -0.0002  -0.2900  -0.0002
  -0.0055   1.0000  -0.4308   0.0004  -0.6690   0.0073   0.7423  -0.0077   0.0000  -0.0460   0.0001   0.0330  -0.0009   0.0320
  -0.1504  -0.4308   1.0000  -0.0008   0.3037  -0.0018  -0.3373   0.0024  -0.0000  -0.1578   0.0337  -0.0150   0.0834  -0.0145
   0.0021   0.0004  -0.0008   1.0000  -0.0005  -0.0087   0.0005  -0.0044  -0.0000   0.0025  -0.0003  -0.0000  -0.0013  -0.0000
   0.0084  -0.6690   0.3037  -0.0005   1.0000  -0.0097  -0.9844   0.0102   0.0000   0.0398  -0.0003  -0.0443   0.0012  -0.0432
  -0.0052   0.0073  -0.0018  -0.0087  -0.0097   1.0000   0.0098  -0.9322  -0.0000  -0.0064   0.0105  -0.0007   0.0041  -0.0008
  -0.0082   0.7423  -0.3373   0.0005  -0.9844   0.0098   1.0000  -0.0104  -0.0000  -0.0424   0.0002   0.0445  -0.0012   0.0429
   0.0039  -0.0077   0.0024  -0.0044   0.0102  -0.9322  -0.0104   1.0000   0.0000   0.0049  -0.0673   0.0008  -0.0122   0.0008
   0.0000   0.0000  -0.0000  -0.0000   0.0000  -0.0000  -0.0000   0.0000   1.0000  -0.0000   0.0000  -0.0000   0.0000  -0.0000
   0.6249  -0.0460  -0.1578   0.0025   0.0398  -0.0064  -0.0424   0.0049  -0.0000   1.0000  -0.1380  -0.0017  -0.3389  -0.0017
  -0.1181   0.0001   0.0337  -0.0003  -0.0003   0.0105   0.0002  -0.0673   0.0000  -0.1380   1.0000  -0.0000   0.2865  -0.0000
  -0.0002   0.0330  -0.0150  -0.0000  -0.0443  -0.0007   0.0445   0.0008  -0.0000  -0.0017  -0.0000   1.0000  -0.0001   0.9996
  -0.2900  -0.0009   0.0834  -0.0013   0.0012   0.0041  -0.0012  -0.0122   0.0000  -0.3389   0.2865  -0.0001   1.0000  -0.0001
  -0.0002   0.0320  -0.0145  -0.0000  -0.0432  -0.0008   0.0429   0.0008  -0.0000  -0.0017  -0.0000   0.9996  -0.0001   1.0000
