
  RooFitResult: minimized FCN value: -9219.2, estimated distance to minimum: 19.8355
                covariance matrix quality: Full matrix, but forced positive-definite
                Status : MINIMIZE=0 HESSE=0 MINOS=0 

    Floating Parameter  InitialValue    FinalValue (+HiError,-LoError)    GblCorr.
  --------------------  ------------  ----------------------------------  --------
              NbkgFail    1.5660e+02    1.5660e+02         +/-  1.15e+01  <none>
              NbkgPass    1.0638e+02    1.0506e+02 (+2.37e+01,-3.13e+01)  <none>
                  Nsig    2.7539e+03    2.7514e+03 (+7.62e+01,-5.48e+01)  <none>
             a0Fail_27    5.0736e+01    4.5295e+01 (+4.86e+01,-6.65e+01)  <none>
             a0Pass_27   -2.1800e-02   -2.1800e-02         +/-  1.21e-01  <none>
             a1Fail_27    7.3158e+01    7.5587e+01         +/-  6.92e+01  <none>
             a1Pass_27   -4.6348e-05   -4.6393e-05         +/-  2.42e-03  <none>
             a2Fail_27    3.9854e+00    3.9535e+00         +/-  2.76e+01  <none>
             a2Pass_27    6.8289e-06    6.8289e-06         +/-  4.53e-12  <none>
                   eff    9.8999e-01    9.8989e-01 (+3.28e-03,-6.49e-03)  <none>
           meanFail_27    5.2178e-01    1.9194e+00 (+1.38e+00,-6.83e-01)  <none>
           meanPass_27    5.9433e-01    6.0166e-01         +/-  1.20e-01  <none>
          sigmaFail_27    6.5002e-03    5.0178e-01         +/-  1.09e+00  <none>
          sigmaPass_27    4.1879e-01    4.1273e-01 (+2.44e-01,-1.16e-01)  <none>


  Correlation Matrix
 --------------------
   1.0000   0.0003  -0.0021  -0.0004  -0.0064   0.0004   0.0064   0.0001   0.0000   0.0119  -0.0010   0.0024  -0.0002  -0.0010
   0.0003   1.0000  -0.3327  -0.0007  -0.0586   0.0030   0.0551   0.0003   0.0000  -0.0208  -0.0018  -0.0116   0.0013  -0.0407
  -0.0021  -0.3327   1.0000   0.0037   0.0241  -0.0020  -0.0227  -0.0013  -0.0000  -0.1015   0.0073   0.0046   0.0039   0.0167
  -0.0004  -0.0007   0.0037   1.0000   0.0134   0.1170  -0.0135   0.7584  -0.0000  -0.0215  -0.0244  -0.0051   0.0022   0.0021
  -0.0064  -0.0586   0.0241   0.0134   1.0000  -0.0496  -0.9980  -0.0040  -0.0000  -0.0221   0.0321  -0.3648  -0.0202   0.1509
   0.0004   0.0030  -0.0020   0.1170  -0.0496   1.0000   0.0495   0.4022   0.0000   0.0048  -0.0124   0.0178   0.0008  -0.0074
   0.0064   0.0551  -0.0227  -0.0135  -0.9980   0.0495   1.0000   0.0040   0.0000   0.0222  -0.0321   0.3708   0.0201  -0.1524
   0.0001   0.0003  -0.0013   0.7584  -0.0040   0.4022   0.0040   1.0000   0.0000   0.0071  -0.0508   0.0012   0.0042  -0.0005
   0.0000   0.0000  -0.0000  -0.0000  -0.0000   0.0000   0.0000   0.0000   1.0000   0.0000  -0.0000   0.0000   0.0000  -0.0000
   0.0119  -0.0208  -0.1015  -0.0215  -0.0221   0.0048   0.0222   0.0071   0.0000   1.0000  -0.0413   0.0089  -0.0269  -0.0024
  -0.0010  -0.0018   0.0073  -0.0244   0.0321  -0.0124  -0.0321  -0.0508  -0.0000  -0.0413   1.0000  -0.0118  -0.6055   0.0049
   0.0024  -0.0116   0.0046  -0.0051  -0.3648   0.0178   0.3708   0.0012   0.0000   0.0089  -0.0118   1.0000   0.0072  -0.6551
  -0.0002   0.0013   0.0039   0.0022  -0.0202   0.0008   0.0201   0.0042   0.0000  -0.0269  -0.6055   0.0072   1.0000  -0.0030
  -0.0010  -0.0407   0.0167   0.0021   0.1509  -0.0074  -0.1524  -0.0005  -0.0000  -0.0024   0.0049  -0.6551  -0.0030   1.0000
