
  RooFitResult: minimized FCN value: -8879.78, estimated distance to minimum: 5.6116
                covariance matrix quality: Full matrix, but forced positive-definite
                Status : MINIMIZE=-1 HESSE=4 MINOS=4 

    Floating Parameter  InitialValue    FinalValue +/-  Error     GblCorr.
  --------------------  ------------  --------------------------  --------
              NbkgFail    1.6110e+02    1.6110e+02 +/-  1.14e+01  <none>
              NbkgPass    7.9407e+01    7.8934e+01 +/-  2.42e+01  <none>
                  Nsig    2.6986e+03    2.6989e+03 +/-  5.60e+01  <none>
             a0Fail_32   -4.5787e+01   -4.5816e+01 +/-  4.63e+00  <none>
             a0Pass_32   -1.0913e-01    5.5675e-02 +/-  7.26e-01  <none>
             a1Fail_32    1.0869e+00    1.0874e+00 +/-  1.08e-01  <none>
             a1Pass_32   -1.7892e-05   -6.6889e-03 +/-  3.77e-03  <none>
             a2Fail_32   -4.9867e-03   -4.9931e-03 +/-  8.01e-04  <none>
             a2Pass_32    3.0613e-05    9.6100e-05 +/-  2.09e-04  <none>
                   eff    9.8816e-01    9.8819e-01 +/-  3.71e-03  <none>
           meanFail_32    2.4215e-01    1.8108e-01 +/-  5.84e-01  <none>
           meanPass_32    4.7273e-01    4.7134e-01 +/-  5.95e-02  <none>
          sigmaFail_32    3.4060e-01    2.9543e-01 +/-  8.92e-03  <none>
          sigmaPass_32    7.7943e-01    7.8222e-01 +/-  1.29e-01  <none>


  Correlation Matrix
 --------------------
   1.0000  -0.0000  -0.0006   0.0002   0.0000   0.0000  -0.0000  -0.0009  -0.0000   0.0036   0.0015  -0.0000   0.0000   0.0000
  -0.0000   1.0000  -0.3627   0.0003  -0.3280  -0.0004   0.1119   0.0005   0.3352  -0.0258  -0.0005   0.0228  -0.0000  -0.0804
  -0.0006  -0.3627   1.0000  -0.0078   0.1372  -0.0011  -0.0468   0.0315  -0.1402  -0.1106  -0.0494  -0.0095  -0.0005   0.0337
   0.0002   0.0003  -0.0078   1.0000  -0.0011  -0.9204   0.0005   0.4252   0.0010   0.0436   0.0531   0.0002   0.0010  -0.0001
   0.0000  -0.3280   0.1372  -0.0011   1.0000   0.0011  -0.4322  -0.0005  -0.9545   0.0096   0.0001  -0.2189   0.0000   0.0522
   0.0000  -0.0004  -0.0011  -0.9204   0.0011   1.0000  -0.0005  -0.6382  -0.0010   0.0072   0.0194  -0.0002   0.0005   0.0001
  -0.0000   0.1119  -0.0468   0.0005  -0.4322  -0.0005   1.0000   0.0002   0.1537  -0.0033  -0.0000   0.0752  -0.0000  -0.0224
  -0.0009   0.0005   0.0315   0.4252  -0.0005  -0.6382   0.0002   1.0000   0.0005  -0.1802  -0.1304   0.0001  -0.0018  -0.0001
  -0.0000   0.3352  -0.1402   0.0010  -0.9545  -0.0010   0.1537   0.0005   1.0000  -0.0099  -0.0001   0.2232  -0.0000  -0.0487
   0.0036  -0.0258  -0.1106   0.0436   0.0096   0.0072  -0.0033  -0.1802  -0.0099   1.0000   0.2815  -0.0006   0.0031   0.0024
   0.0015  -0.0005  -0.0494   0.0531   0.0001   0.0194  -0.0000  -0.1304  -0.0001   0.2815   1.0000   0.0000   0.0136   0.0000
  -0.0000   0.0228  -0.0095   0.0002  -0.2189  -0.0002   0.0752   0.0001   0.2232  -0.0006   0.0000   1.0000   0.0000   0.0582
   0.0000  -0.0000  -0.0005   0.0010   0.0000   0.0005  -0.0000  -0.0018  -0.0000   0.0031   0.0136   0.0000   1.0000   0.0000
   0.0000  -0.0804   0.0337  -0.0001   0.0522   0.0001  -0.0224  -0.0001  -0.0487   0.0024   0.0000   0.0582   0.0000   1.0000
