
  RooFitResult: minimized FCN value: -133138, estimated distance to minimum: 171826
                covariance matrix quality: Full, accurate covariance matrix
                Status : MINIMIZE=0 HESSE=0 MINOS=0 

    Floating Parameter  InitialValue    FinalValue (+HiError,-LoError)    GblCorr.
  --------------------  ------------  ----------------------------------  --------
              NbkgFail    8.8033e+02    8.8033e+02         +/-  4.22e+01  <none>
              NbkgPass    1.0616e+02    1.0616e+02 (+3.31e+01,-3.21e+01)  <none>
                  Nsig    2.3634e+04    2.3634e+04         +/-  1.60e+02  <none>
             a0Fail_19   -7.7407e+01   -7.7407e+01 (+5.27e+01,-7.66e+01)  <none>
             a0Pass_19   -5.9698e-02   -5.9706e-02         +/-  2.43e-10  <none>
             a1Fail_19    4.2848e+00    4.2848e+00 (+5.54e+00,-8.76e-07)  <none>
             a1Pass_19    5.1703e-05    5.1703e-05         +/-  2.13e-13  <none>
             a2Fail_19   -2.4692e-02   -2.4692e-02         +/-  1.02e-03  <none>
             a2Pass_19    1.5723e-05    1.5723e-05         +/-  6.66e-14  <none>
                   eff    9.8355e-01    9.8355e-01         +/-  1.50e-03  <none>
           meanFail_19    3.4275e-01    3.4275e-01         +/-  2.61e-01  <none>
           meanPass_19    3.1389e-01    3.1389e-01         +/-  6.90e-02  <none>
          sigmaFail_19    1.3113e+00    1.3113e+00         +/-  4.15e-01  <none>
          sigmaPass_19    4.1395e-01    4.1395e-01         +/-  6.86e-02  <none>


  Correlation Matrix
 --------------------
   1.0000   0.0001  -0.1338  -0.0003   0.0000  -0.0006   0.0000   0.0046   0.0000   0.5930   0.0176   0.0011  -0.2842   0.0010
   0.0001   1.0000  -0.1807   0.0001   0.0000  -0.0002  -0.0000  -0.0001   0.0000  -0.0132   0.0000  -0.0498   0.0001  -0.0367
  -0.1338  -0.1807   1.0000   0.0001  -0.0000   0.0002  -0.0000  -0.0012  -0.0000  -0.1542  -0.0047   0.0097   0.0751   0.0071
  -0.0003   0.0001   0.0001   1.0000  -0.0000   0.0000  -0.0000  -0.0006   0.0000  -0.0003  -0.0000   0.0003   0.0004   0.0003
   0.0000   0.0000  -0.0000  -0.0000   1.0000   0.0000   0.0000   0.0000   0.0000  -0.0000  -0.0000  -0.0000   0.0000  -0.0000
  -0.0006  -0.0002   0.0002   0.0000   0.0000   1.0000   0.0000  -0.0275   0.0000  -0.0007  -0.0001   0.0006   0.0005   0.0006
   0.0000  -0.0000  -0.0000  -0.0000   0.0000   0.0000   1.0000   0.0000   0.0000   0.0000  -0.0000   0.0000   0.0000   0.0000
   0.0046  -0.0001  -0.0012  -0.0006   0.0000  -0.0275   0.0000   1.0000   0.0000   0.0054  -0.1177   0.0003   0.0433   0.0003
   0.0000   0.0000  -0.0000   0.0000   0.0000   0.0000   0.0000   0.0000   1.0000   0.0000  -0.0000   0.0000  -0.0000   0.0000
   0.5930  -0.0132  -0.1542  -0.0003  -0.0000  -0.0007   0.0000   0.0054   0.0000   1.0000   0.0206   0.0022  -0.3332   0.0020
   0.0176   0.0000  -0.0047  -0.0000  -0.0000  -0.0001  -0.0000  -0.1177  -0.0000   0.0206   1.0000   0.0000  -0.0310   0.0000
   0.0011  -0.0498   0.0097   0.0003  -0.0000   0.0006   0.0000   0.0003   0.0000   0.0022   0.0000   1.0000  -0.0024   0.9507
  -0.2842   0.0001   0.0751   0.0004   0.0000   0.0005   0.0000   0.0433  -0.0000  -0.3332  -0.0310  -0.0024   1.0000  -0.0023
   0.0010  -0.0367   0.0071   0.0003  -0.0000   0.0006   0.0000   0.0003   0.0000   0.0020   0.0000   0.9507  -0.0023   1.0000
