
  RooFitResult: minimized FCN value: -9589.24, estimated distance to minimum: 201802
                covariance matrix quality: Full, accurate covariance matrix
                Status : MINIMIZE=-1 HESSE=4 MINOS=4 

    Floating Parameter  InitialValue    FinalValue +/-  Error     GblCorr.
  --------------------  ------------  --------------------------  --------
              NbkgFail    4.0230e+02    4.0230e+02 +/-  3.08e+01  <none>
              NbkgPass    9.4243e+01    9.4243e+01 +/-  3.29e+01  <none>
                  Nsig    2.9359e+03    2.9359e+03 +/-  6.57e+01  <none>
              a0Fail_0   -8.6187e+00   -8.6187e+00 +/-  7.58e+01  <none>
              a0Pass_0   -7.4769e-05   -7.4769e-05 +/-  2.49e-03  <none>
              a1Fail_0    1.3403e+01    1.3403e+01 +/-  3.44e+00  <none>
              a1Pass_0    8.4891e-05    8.4891e-05 +/-  4.74e-04  <none>
              a2Fail_0   -1.0200e-01   -1.0200e-01 +/-  1.61e-01  <none>
              a2Pass_0   -6.6176e-07   -6.6176e-07 +/-  3.81e-06  <none>
                   eff    9.8126e-01    9.8126e-01 +/-  7.13e-03  <none>
            meanFail_0   -3.3738e+00   -3.3738e+00 +/-  2.78e+00  <none>
            meanPass_0    1.7350e-01    1.7350e-01 +/-  6.88e-02  <none>
           sigmaFail_0    1.4615e-02    1.4615e-02 +/-  3.71e+00  <none>
           sigmaPass_0    7.7283e-01    7.7283e-01 +/-  1.90e-01  <none>


  Correlation Matrix
 --------------------
   1.0000   0.0001  -0.0984   0.0065  -0.0007  -0.0016  -0.0009   0.0008   0.0009   0.3027   0.1057   0.0000   0.0533   0.0001
   0.0001   1.0000  -0.4565  -0.0563  -0.2141  -0.1201  -0.1478   0.1201   0.1461  -0.0262   0.0012   0.0373   0.0006  -0.1602
  -0.0984  -0.4565   1.0000   0.0175   0.1022   0.0519   0.0671  -0.0512  -0.0663  -0.2715  -0.0999  -0.0187  -0.0504   0.0806
   0.0065  -0.0563   0.0175   1.0000   0.3021   0.4831   0.4116  -0.4541  -0.4117   0.0197  -0.0108  -0.0011  -0.0049  -0.0222
  -0.0007  -0.2141   0.1022   0.3021   1.0000   0.6439   0.7238  -0.6439  -0.7384   0.0031  -0.0063  -0.0113  -0.0031   0.0173
  -0.0016  -0.1201   0.0519   0.4831   0.6439   1.0000   0.8780  -0.9993  -0.8781  -0.0030  -0.0134  -0.0022  -0.0068  -0.0462
  -0.0009  -0.1478   0.0671   0.4116   0.7238   0.8780   1.0000  -0.8780  -0.9997   0.0001  -0.0086  -0.0052  -0.0042  -0.0212
   0.0008   0.1201  -0.0512  -0.4541  -0.6439  -0.9993  -0.8780   1.0000   0.8781   0.0007   0.0064   0.0022   0.0030   0.0462
   0.0009   0.1461  -0.0663  -0.4117  -0.7384  -0.8781  -0.9997   0.8781   1.0000  -0.0000   0.0086   0.0039   0.0042   0.0216
   0.3027  -0.0262  -0.2715   0.0197   0.0031  -0.0030   0.0001   0.0007  -0.0000   1.0000   0.3059  -0.0011   0.1543   0.0050
   0.1057   0.0012  -0.0999  -0.0108  -0.0063  -0.0134  -0.0086   0.0064   0.0086   0.3059   1.0000   0.0000   0.4805   0.0006
   0.0000   0.0373  -0.0187  -0.0011  -0.0113  -0.0022  -0.0052   0.0022   0.0039  -0.0011   0.0000   1.0000   0.0000  -0.1180
   0.0533   0.0006  -0.0504  -0.0049  -0.0031  -0.0068  -0.0042   0.0030   0.0042   0.1543   0.4805   0.0000   1.0000   0.0003
   0.0001  -0.1602   0.0806  -0.0222   0.0173  -0.0462  -0.0212   0.0462   0.0216   0.0050   0.0006  -0.1180   0.0003   1.0000
