
  RooFitResult: minimized FCN value: -23914.2, estimated distance to minimum: 0.000113281
                covariance matrix quality: Full, accurate covariance matrix
                Status : MINIMIZE=0 HESSE=0 MINOS=0 

    Floating Parameter  InitialValue    FinalValue (+HiError,-LoError)    GblCorr.
  --------------------  ------------  ----------------------------------  --------
              NbkgFail    3.7170e+02    3.7170e+02 (+9.35e+00,-1.29e-04)  <none>
              NbkgPass    1.7688e+02    1.7627e+02 (+4.42e+01,-4.28e+01)  <none>
                  Nsig    5.7467e+03    5.7474e+03 (+8.81e+01,-8.72e+01)  <none>
             a0Fail_28   -1.8442e+01   -1.8443e+01         +/-  6.60e+00  <none>
             a0Pass_28    1.3985e+00    1.4008e+00 (+3.64e-01,-4.13e-01)  <none>
             a1Fail_28    4.7353e-01    4.7352e-01         +/-  1.61e-01  <none>
             a1Pass_28   -3.7980e-02   -3.7989e-02 (+8.31e-03,-9.32e-03)  <none>
             a2Fail_28   -2.4077e-03   -2.4077e-03 (+8.68e-04,-9.76e-04)  <none>
             a2Pass_28    2.7385e-04    2.7308e-04         +/-  7.31e-05  <none>
                   eff    9.8963e-01    9.8963e-01 (+2.88e-03,-2.78e-03)  <none>
           meanFail_28   -6.2160e-01   -6.2318e-01 (+1.04e+00,-1.03e+00)  <none>
           meanPass_28    5.8210e-02    5.8223e-02         +/-  6.66e-01  <none>
          sigmaFail_28    1.2518e+00    1.2529e+00 (+1.16e+00,-1.15e+00)  <none>
          sigmaPass_28    1.5560e-01    1.5563e-01         +/-  2.69e+00  <none>


  Correlation Matrix
 --------------------
   1.0000   0.0000   0.0008   0.0001  -0.0000   0.0001   0.0000   0.0001  -0.0000  -0.0046   0.0011  -0.0000   0.0020  -0.0000
   0.0000   1.0000  -0.4441  -0.0000  -0.3393   0.0000   0.0881  -0.0000   0.3863  -0.0258   0.0000   0.0010   0.0000   0.0004
   0.0008  -0.4441   1.0000   0.0021   0.1667   0.0016  -0.0433   0.0027  -0.1898  -0.1234   0.0339  -0.0004   0.0579  -0.0001
   0.0001  -0.0000   0.0021   1.0000   0.0001  -0.9946  -0.0000   0.9890   0.0000  -0.0114   0.0093  -0.0000   0.0095  -0.0000
  -0.0000  -0.3393   0.1667   0.0001   1.0000  -0.0001  -0.8936   0.0001   0.3593   0.0097  -0.0000  -0.0006  -0.0000  -0.0001
   0.0001   0.0000   0.0016  -0.9946  -0.0001   1.0000   0.0000  -0.9936  -0.0000  -0.0088   0.0011   0.0000   0.0041   0.0000
   0.0000   0.0881  -0.0433  -0.0000  -0.8936   0.0000   1.0000  -0.0000  -0.7286  -0.0025   0.0000   0.0003   0.0000   0.0001
   0.0001  -0.0000   0.0027   0.9890   0.0001  -0.9936  -0.0000   1.0000   0.0000  -0.0147  -0.0078  -0.0000   0.0017  -0.0000
  -0.0000   0.3863  -0.1898   0.0000   0.3593  -0.0000  -0.7286   0.0000   1.0000  -0.0110  -0.0000   0.0001  -0.0000  -0.0006
  -0.0046  -0.0258  -0.1234  -0.0114   0.0097  -0.0088  -0.0025  -0.0147  -0.0110   1.0000  -0.1879   0.0001  -0.3214   0.0001
   0.0011   0.0000   0.0339   0.0093  -0.0000   0.0011   0.0000  -0.0078  -0.0000  -0.1879   1.0000  -0.0000   0.5465  -0.0000
  -0.0000   0.0010  -0.0004  -0.0000  -0.0006   0.0000   0.0003  -0.0000   0.0001   0.0001  -0.0000   1.0000  -0.0000   0.9999
   0.0020   0.0000   0.0579   0.0095  -0.0000   0.0041   0.0000   0.0017  -0.0000  -0.3214   0.5465  -0.0000   1.0000  -0.0000
  -0.0000   0.0004  -0.0001  -0.0000  -0.0001   0.0000   0.0001  -0.0000  -0.0006   0.0001  -0.0000   0.9999  -0.0000   1.0000
