
  RooFitResult: minimized FCN value: -14452, estimated distance to minimum: 4149.88
                covariance matrix quality: Full matrix, but forced positive-definite
                Status : MINIMIZE=-1 HESSE=4 MINOS=4 

    Floating Parameter  InitialValue    FinalValue +/-  Error     GblCorr.
  --------------------  ------------  --------------------------  --------
              NbkgFail    7.6426e+02    7.6426e+02 +/-  6.53e+01  <none>
              NbkgPass    1.6514e+02    1.6514e+02 +/-  4.03e+01  <none>
                  Nsig    3.8303e+03    3.8303e+03 +/-  1.51e+02  <none>
              a0Fail_3    9.5298e+01    9.5298e+01 +/-  8.73e+01  <none>
              a0Pass_3    2.8590e+00    2.8590e+00 +/-  1.62e+00  <none>
              a1Fail_3    3.7381e+00    3.7381e+00 +/-  1.17e+00  <none>
              a1Pass_3   -4.0858e-02   -4.0858e-02 +/-  1.96e-02  <none>
              a2Fail_3   -3.2953e-02   -3.2953e-02 +/-  1.09e-03  <none>
              a2Pass_3    1.4612e-04    1.4612e-04 +/-  1.06e-04  <none>
                   eff    9.8495e-01    9.8495e-01 +/-  3.37e-02  <none>
            meanFail_3    9.5585e-01    9.5585e-01 +/-  1.53e+01  <none>
            meanPass_3    1.4702e-01    1.4702e-01 +/-  1.44e+00  <none>
           sigmaFail_3    5.3865e-02    5.3865e-02 +/-  4.00e+00  <none>
           sigmaPass_3    2.6613e-01    2.6613e-01 +/-  2.66e+00  <none>


  Correlation Matrix
 --------------------
   1.0000   0.0003  -0.8580  -0.2435   0.0008  -0.3106  -0.0008  -0.2182   0.0004   0.9773   0.8662   0.0079  -0.5588   0.0079
   0.0003   1.0000  -0.2402  -0.0001   0.2412  -0.0001   0.0465  -0.0001  -0.3326  -0.0039   0.0002   0.0001  -0.0002  -0.0012
  -0.8580  -0.2402   1.0000   0.2180  -0.0653   0.2781  -0.0115   0.1954   0.0884  -0.8739  -0.7756  -0.0068   0.5003  -0.0065
  -0.2435  -0.0001   0.2180   1.0000  -0.0002   0.6968   0.0002   0.0424  -0.0001  -0.2484  -0.2689  -0.0020   0.1826  -0.0020
   0.0008   0.2412  -0.0653  -0.0002   1.0000  -0.0003  -0.7732  -0.0002   0.1407  -0.0003   0.0007  -0.0436  -0.0005  -0.0430
  -0.3106  -0.0001   0.2781   0.6968  -0.0003   1.0000   0.0003  -0.2130  -0.0001  -0.3167  -0.4729  -0.0025   0.3365  -0.0025
  -0.0008   0.0465  -0.0115   0.0002  -0.7732   0.0003   1.0000   0.0002  -0.7360  -0.0010  -0.0007   0.0520   0.0005   0.0521
  -0.2182  -0.0001   0.1954   0.0424  -0.0002  -0.2130   0.0002   1.0000  -0.0001  -0.2226  -0.2487  -0.0018   0.1694  -0.0018
   0.0004  -0.3326   0.0884  -0.0001   0.1407  -0.0001  -0.7360  -0.0001   1.0000   0.0019   0.0004  -0.0347  -0.0002  -0.0356
   0.9773  -0.0039  -0.8739  -0.2484  -0.0003  -0.3167  -0.0010  -0.2226   0.0019   1.0000   0.8834   0.0079  -0.5699   0.0079
   0.8662   0.0002  -0.7756  -0.2689   0.0007  -0.4729  -0.0007  -0.2487   0.0004   0.8834   1.0000   0.0070  -0.7391   0.0070
   0.0079   0.0001  -0.0068  -0.0020  -0.0436  -0.0025   0.0520  -0.0018  -0.0347   0.0079   0.0070   1.0000  -0.0045   0.9997
  -0.5588  -0.0002   0.5003   0.1826  -0.0005   0.3365   0.0005   0.1694  -0.0002  -0.5699  -0.7391  -0.0045   1.0000  -0.0045
   0.0079  -0.0012  -0.0065  -0.0020  -0.0430  -0.0025   0.0521  -0.0018  -0.0356   0.0079   0.0070   0.9997  -0.0045   1.0000
