
  RooFitResult: minimized FCN value: -57905.8, estimated distance to minimum: 0.00550312
                covariance matrix quality: Full matrix, but forced positive-definite
                Status : MINIMIZE=0 HESSE=0 MINOS=0 

    Floating Parameter  InitialValue    FinalValue (+HiError,-LoError)    GblCorr.
  --------------------  ------------  ----------------------------------  --------
              NbkgFail    4.6850e+02    4.6910e+02         +/-  2.83e+01  <none>
              NbkgPass    5.4184e+01    5.3885e+01 (+4.42e+01,-3.76e+01)  <none>
                  Nsig    1.1911e+04    1.1912e+04         +/-  1.16e+02  <none>
             a0Fail_18    5.9476e-01    5.7251e-01         +/-  3.74e+01  <none>
             a0Pass_18   -2.1505e-04   -2.0411e-04         +/-  8.40e-03  <none>
             a1Fail_18    3.9066e+01    3.9080e+01         +/-  6.67e+01  <none>
             a1Pass_18    7.1461e-06    7.2972e-06         +/-  2.60e-04  <none>
             a2Fail_18   -1.7415e-01   -1.7415e-01         +/-  4.76e-01  <none>
             a2Pass_18   -5.9167e-09   -1.8045e-09         +/-  6.52e-07  <none>
                   eff    9.6111e-01    9.6113e-01         +/-  2.30e-03  <none>
           meanFail_18    3.3480e-01    3.3501e-01         +/-  1.50e-01  <none>
           meanPass_18    3.1271e-01    3.1382e-01         +/-  7.47e-02  <none>
          sigmaFail_18    6.6447e-01    6.5000e-01         +/-  3.06e-01  <none>
          sigmaPass_18    4.2466e-01    4.2599e-01         +/-  8.01e-02  <none>


  Correlation Matrix
 --------------------
   1.0000  -0.0001  -0.1009   0.0010   0.0001  -0.0053  -0.0001   0.0007   0.0001   0.4122   0.0070   0.0000  -0.1797   0.0000
  -0.0001   1.0000  -0.3096   0.0001  -0.5438  -0.0070   0.5316   0.0070  -0.6144  -0.0512  -0.0000  -0.0798  -0.0000  -0.0972
  -0.1009  -0.3096   1.0000  -0.0003   0.1750   0.0036  -0.1711  -0.0024   0.1977  -0.0836  -0.0017   0.0257   0.0436   0.0313
   0.0010   0.0001  -0.0003   1.0000  -0.0002  -0.0083   0.0002   0.0079  -0.0002   0.0010   0.0001  -0.0000  -0.0005  -0.0000
   0.0001  -0.5438   0.1750  -0.0002   1.0000   0.0129  -0.9940  -0.0128   0.9157   0.0291   0.0001   0.0602   0.0001   0.0788
  -0.0053  -0.0070   0.0036  -0.0083   0.0129   1.0000  -0.0128  -0.9966   0.0119  -0.0049  -0.0081   0.0006   0.0043   0.0008
  -0.0001   0.5316  -0.1711   0.0002  -0.9940  -0.0128   1.0000   0.0127  -0.8817  -0.0284  -0.0001  -0.0563  -0.0001  -0.0764
   0.0007   0.0070  -0.0024   0.0079  -0.0128  -0.9966   0.0127   1.0000  -0.0119   0.0003   0.0017  -0.0006  -0.0008  -0.0008
   0.0001  -0.6144   0.1977  -0.0002   0.9157   0.0119  -0.8817  -0.0119   1.0000   0.0328   0.0001   0.0658   0.0001   0.0882
   0.4122  -0.0512  -0.0836   0.0010   0.0291  -0.0049  -0.0284   0.0003   0.0328   1.0000   0.0070   0.0043  -0.1780   0.0052
   0.0070  -0.0000  -0.0017   0.0001   0.0001  -0.0081  -0.0001   0.0017   0.0001   0.0070   1.0000   0.0000   0.0261   0.0000
   0.0000  -0.0798   0.0257  -0.0000   0.0602   0.0006  -0.0563  -0.0006   0.0658   0.0043   0.0000   1.0000   0.0000   0.9253
  -0.1797  -0.0000   0.0436  -0.0005   0.0001   0.0043  -0.0001  -0.0008   0.0001  -0.1780   0.0261   0.0000   1.0000   0.0000
   0.0000  -0.0972   0.0313  -0.0000   0.0788   0.0008  -0.0764  -0.0008   0.0882   0.0052   0.0000   0.9253   0.0000   1.0000
