
  RooFitResult: minimized FCN value: -6733.16, estimated distance to minimum: 4.45994e-05
                covariance matrix quality: Full matrix, but forced positive-definite
                Status : MINIMIZE=0 HESSE=0 MINOS=0 

    Constant Parameter    Value     
  --------------------  ------------
           peakFail_32    9.1188e+01

    Floating Parameter  InitialValue    FinalValue (+HiError,-LoError)    GblCorr.
  --------------------  ------------  ----------------------------------  --------
              NbkgFail    2.5736e+02    2.5736e+02         +/-  2.49e+01  <none>
              NbkgPass    1.0954e+01    1.0882e+01         +/-  1.65e+01  <none>
                  Nsig    2.4697e+03    2.4697e+03         +/-  5.55e+01  <none>
           alfaFail_32    1.9979e+02    1.9979e+02         +/-  9.92e+01  <none>
           betaFail_32    7.8798e-03    7.8798e-03         +/-  1.24e-02  <none>
                   eff    8.5478e-01    8.5479e-01 (+1.11e-02,-9.56e-03)  <none>
          gammaFail_32    5.7000e-03    5.7000e-03         +/-  9.60e-02  <none>
           meanFail_32    5.1612e-01    5.1612e-01         +/-  3.15e-01  <none>
           meanPass_32    9.9965e-01    9.9965e-01         +/-  1.81e-03  <none>
          sigmaFail_32    1.1653e+00    1.1653e+00         +/-  6.24e-01  <none>
          sigmaPass_32    1.7811e-02    1.7811e-02         +/-  4.65e-02  <none>
              tPass_32   -2.5115e-10   -2.1331e-07         +/-  1.22e-02  <none>


  Correlation Matrix
 --------------------
   1.0000  -0.0000  -0.2630  -0.0189   0.3148   0.5201   0.3102   0.0304  -0.0024  -0.2596   0.0024   0.0000
  -0.0000   1.0000  -0.2841   0.0005  -0.0001  -0.0955  -0.0000  -0.0000   0.0019   0.0001  -0.0018   0.0053
  -0.2630  -0.2841   1.0000   0.0076  -0.1410  -0.2049  -0.1391  -0.0136   0.0004   0.1160  -0.0004  -0.0016
  -0.0189   0.0005   0.0076   1.0000  -0.1083  -0.0166   0.1502  -0.0023   0.0171   0.0078  -0.0171   0.0000
   0.3148  -0.0001  -0.1410  -0.1083   1.0000   0.2795   0.9628   0.0164  -0.0031  -0.1532   0.0031   0.0000
   0.5201  -0.0955  -0.2049  -0.0166   0.2795   1.0000   0.2754   0.0270  -0.0022  -0.2301   0.0022  -0.0005
   0.3102  -0.0000  -0.1391   0.1502   0.9628   0.2754   1.0000   0.0319   0.0013  -0.1572  -0.0013   0.0000
   0.0304  -0.0000  -0.0136  -0.0023   0.0164   0.0270   0.0319   1.0000  -0.0013  -0.1942   0.0013   0.0000
  -0.0024   0.0019   0.0004   0.0171  -0.0031  -0.0022   0.0013  -0.0013   1.0000   0.0081  -0.9970   0.0001
  -0.2596   0.0001   0.1160   0.0078  -0.1532  -0.2301  -0.1572  -0.1942   0.0081   1.0000  -0.0082   0.0000
   0.0024  -0.0018  -0.0004  -0.0171   0.0031   0.0022  -0.0013   0.0013  -0.9970  -0.0082   1.0000  -0.0001
   0.0000   0.0053  -0.0016   0.0000   0.0000  -0.0005   0.0000   0.0000   0.0001   0.0000  -0.0001   1.0000
