
  RooFitResult: minimized FCN value: -12496.8, estimated distance to minimum: 0.000203088
                covariance matrix quality: Full matrix, but forced positive-definite
                Status : MINIMIZE=0 HESSE=0 MINOS=0 

    Constant Parameter    Value     
  --------------------  ------------
           peakFail_30    9.1188e+01

    Floating Parameter  InitialValue    FinalValue (+HiError,-LoError)    GblCorr.
  --------------------  ------------  ----------------------------------  --------
              NbkgFail    3.4746e+02    3.4746e+02         +/-  2.99e+01  <none>
              NbkgPass    1.3708e+01    1.3693e+01         +/-  1.90e+01  <none>
                  Nsig    3.7928e+03    3.7928e+03         +/-  6.83e+01  <none>
           alfaFail_30    1.9038e+02    1.9038e+02         +/-  1.78e+02  <none>
           betaFail_30    1.9145e-02    1.9145e-02         +/-  5.53e-03  <none>
                   eff    8.5432e-01    8.5432e-01 (+8.49e-03,-8.52e-03)  <none>
          gammaFail_30    6.2484e-02    6.2484e-02         +/-  4.84e-02  <none>
           meanFail_30    1.3102e+00    1.3102e+00         +/-  2.07e-01  <none>
           meanPass_30    9.8670e-01    9.8670e-01         +/-  4.12e-02  <none>
          sigmaFail_30    5.9503e-01    5.9503e-01         +/-  3.48e-01  <none>
          sigmaPass_30    1.1304e-01    1.1304e-01         +/-  1.73e-01  <none>
              tPass_30   -1.8794e-08   -1.8455e-09         +/-  1.11e-02  <none>


  Correlation Matrix
 --------------------
   1.0000  -0.0001  -0.2678  -0.1477   0.3456   0.5282   0.1414  -0.0479  -0.0005  -0.1777   0.0005  -0.0000
  -0.0001   1.0000  -0.2665  -0.0002   0.0000  -0.0897  -0.0002   0.0000   0.0024   0.0000   0.0006  -0.0017
  -0.2678  -0.2665   1.0000   0.0646  -0.1511  -0.2060  -0.0617   0.0210  -0.0003   0.0777  -0.0005   0.0005
  -0.1477  -0.0002   0.0646   1.0000  -0.5326  -0.1274   0.6707   0.0111  -0.0015   0.0509   0.0015  -0.0000
   0.3456   0.0000  -0.1511  -0.5326   1.0000   0.2980   0.2671  -0.0444   0.0006  -0.1246  -0.0006   0.0000
   0.5282  -0.0897  -0.2060  -0.1274   0.2980   1.0000   0.1218  -0.0413  -0.0004  -0.1532   0.0001   0.0002
   0.1414  -0.0002  -0.0617   0.6707   0.2671   0.1218   1.0000  -0.0148  -0.0012  -0.0499   0.0012  -0.0000
  -0.0479   0.0000   0.0210   0.0111  -0.0444  -0.0413  -0.0148   1.0000   0.0000   0.2606  -0.0000   0.0000
  -0.0005   0.0024  -0.0003  -0.0015   0.0006  -0.0004  -0.0012   0.0000   1.0000   0.0001  -0.9961   0.0001
  -0.1777   0.0000   0.0777   0.0509  -0.1246  -0.1532  -0.0499   0.2606   0.0001   1.0000  -0.0001   0.0000
   0.0005   0.0006  -0.0005   0.0015  -0.0006   0.0001   0.0012  -0.0000  -0.9961  -0.0001   1.0000  -0.0001
  -0.0000  -0.0017   0.0005  -0.0000   0.0000   0.0002  -0.0000   0.0000   0.0001   0.0000  -0.0001   1.0000
