
  RooFitResult: minimized FCN value: -1790.32, estimated distance to minimum: 6.36358
                covariance matrix quality: Full, accurate covariance matrix
                Status : MINIMIZE=0 HESSE=0 MINOS=0 

    Constant Parameter    Value     
  --------------------  ------------
           peakFail_35    9.1188e+01

    Floating Parameter  InitialValue    FinalValue (+HiError,-LoError)    GblCorr.
  --------------------  ------------  ----------------------------------  --------
              NbkgFail    1.1676e+02    1.1676e+02         +/-  2.01e+01  <none>
              NbkgPass    5.3251e-01    5.3260e-01 (+1.57e+00,-5.23e-01)  <none>
                  Nsig    1.0137e+03    1.0137e+03         +/-  3.62e+01  <none>
           alfaFail_35    1.6593e+02    1.6594e+02         +/-  1.50e+02  <none>
           betaFail_35    3.4378e-02    3.4378e-02         +/-  9.30e-03  <none>
                   eff    8.7645e-01    8.7645e-01         +/-  1.80e-02  <none>
          gammaFail_35    1.5060e-01    1.5062e-01         +/-  2.08e-01  <none>
           meanFail_35    3.8127e-01    3.8127e-01         +/-  6.61e-01  <none>
           meanPass_35    3.4143e-01    3.4220e-01         +/-  1.13e-01  <none>
          sigmaFail_35    1.0180e+00    1.0180e+00         +/-  8.51e-01  <none>
          sigmaPass_35    1.0143e-01    2.5791e-02 (+3.98e-01,-4.61e+00)  <none>
              tPass_35   -3.6390e-01   -3.6390e-01 (+3.64e-01,-7.83e-01)  <none>


  Correlation Matrix
 --------------------
   1.0000  -0.0000  -0.4000   0.1061   0.4326   0.6932   0.2857  -0.0997  -0.0000  -0.2625   0.0000  -0.0000
  -0.0000   1.0000  -0.0345  -0.0000  -0.0000  -0.0084  -0.0000   0.0000   0.1171   0.0000  -0.0001   0.1257
  -0.4000  -0.0345   1.0000  -0.0594  -0.2420  -0.3875  -0.1598   0.0558  -0.0051   0.1469   0.0000  -0.0055
   0.1061  -0.0000  -0.0594   1.0000   0.1256   0.1029   0.9088  -0.0708  -0.0000  -0.0414   0.0000  -0.0000
   0.4326  -0.0000  -0.2420   0.1256   1.0000   0.4195   0.5260  -0.2064  -0.0000  -0.1633   0.0000  -0.0000
   0.6932  -0.0084  -0.3875   0.1029   0.4195   1.0000   0.2770  -0.0967  -0.0013  -0.2546   0.0000  -0.0013
   0.2857  -0.0000  -0.1598   0.9088   0.5260   0.2770   1.0000  -0.1378  -0.0000  -0.1097   0.0000  -0.0000
  -0.0997   0.0000   0.0558  -0.0708  -0.2064  -0.0967  -0.1378   1.0000   0.0000  -0.0503  -0.0000   0.0000
  -0.0000   0.1171  -0.0051  -0.0000  -0.0000  -0.0013  -0.0000   0.0000   1.0000   0.0000  -0.0000  -0.0134
  -0.2625   0.0000   0.1469  -0.0414  -0.1633  -0.2546  -0.1097  -0.0503   0.0000   1.0000  -0.0000   0.0000
   0.0000  -0.0001   0.0000   0.0000   0.0000   0.0000   0.0000  -0.0000  -0.0000  -0.0000   1.0000  -0.0000
  -0.0000   0.1257  -0.0055  -0.0000  -0.0000  -0.0013  -0.0000   0.0000  -0.0134   0.0000  -0.0000   1.0000
