
  RooFitResult: minimized FCN value: -4742.86, estimated distance to minimum: 2.1467e-05
                covariance matrix quality: Full matrix, but forced positive-definite
                Status : MINIMIZE=0 HESSE=0 MINOS=0 

    Constant Parameter    Value     
  --------------------  ------------
           peakFail_34    9.1188e+01

    Floating Parameter  InitialValue    FinalValue +/-  Error     GblCorr.
  --------------------  ------------  --------------------------  --------
              NbkgFail    1.7532e+02    1.7532e+02 +/-  1.06e+02  <none>
              NbkgPass    1.5300e+01    1.5259e+01 +/-  1.25e+01  <none>
                  Nsig    1.9534e+03    1.9534e+03 +/-  1.18e+02  <none>
           alfaFail_34    2.0000e+02    2.0000e+02 +/-  9.78e+01  <none>
           betaFail_34    6.6415e-03    6.6414e-03 +/-  1.38e-02  <none>
                   eff    8.6604e-01    8.6604e-01 +/-  4.91e-02  <none>
          gammaFail_34    6.3451e-08    6.2564e-08 +/-  1.14e-01  <none>
           meanFail_34    5.4886e-01    5.4886e-01 +/-  4.09e-01  <none>
           meanPass_34    9.9989e-01    9.9989e-01 +/-  4.21e-04  <none>
          sigmaFail_34    1.2522e+00    1.2522e+00 +/-  3.12e+00  <none>
          sigmaPass_34    1.3459e-02    1.3459e-02 +/-  2.68e-02  <none>
              tPass_34   -1.8890e-10   -2.8636e-07 +/-  2.45e-02  <none>


  Correlation Matrix
 --------------------
   1.0000  -0.0019  -0.9170   0.8734  -0.9597   0.9807  -0.9833   0.1629  -0.0001  -0.8998   0.0000   0.0000
  -0.0019   1.0000  -0.0927  -0.0017   0.0018  -0.0175   0.0019  -0.0003   0.0061   0.0017   0.0057  -0.0026
  -0.9170  -0.0927   1.0000  -0.8124   0.8927  -0.9106   0.9146  -0.1515  -0.0006   0.8370  -0.0006   0.0003
   0.8734  -0.0017  -0.8124   1.0000  -0.7771   0.8688  -0.8850   0.1561  -0.0001  -0.7995   0.0000   0.0000
  -0.9597   0.0018   0.8927  -0.7771   1.0000  -0.9547   0.9762  -0.1660   0.0000   0.8757  -0.0000  -0.0000
   0.9807  -0.0175  -0.9106   0.8688  -0.9547   1.0000  -0.9781   0.1620  -0.0002  -0.8951  -0.0001   0.0001
  -0.9833   0.0019   0.9146  -0.8850   0.9762  -0.9781   1.0000  -0.1541   0.0001   0.8932  -0.0000  -0.0000
   0.1629  -0.0003  -0.1515   0.1561  -0.1660   0.1620  -0.1541   1.0000  -0.0000  -0.2523   0.0000   0.0000
  -0.0001   0.0061  -0.0006  -0.0001   0.0000  -0.0002   0.0001  -0.0000   1.0000   0.0001  -0.9821   0.0000
  -0.8998   0.0017   0.8370  -0.7995   0.8757  -0.8951   0.8932  -0.2523   0.0001   1.0000  -0.0000  -0.0000
   0.0000   0.0057  -0.0006   0.0000  -0.0000  -0.0001  -0.0000   0.0000  -0.9821  -0.0000   1.0000   0.0000
   0.0000  -0.0026   0.0003   0.0000  -0.0000   0.0001  -0.0000   0.0000   0.0000  -0.0000   0.0000   1.0000
