
  RooFitResult: minimized FCN value: -11562.5, estimated distance to minimum: 0.000123272
                covariance matrix quality: Full matrix, but forced positive-definite
                Status : MINIMIZE=0 HESSE=0 MINOS=0 

    Constant Parameter    Value     
  --------------------  ------------
           peakFail_10    9.1188e+01

    Floating Parameter  InitialValue    FinalValue (+HiError,-LoError)    GblCorr.
  --------------------  ------------  ----------------------------------  --------
              NbkgFail    7.4319e+02    7.4319e+02         +/-  4.36e+01  <none>
              NbkgPass    1.7534e+01    1.7534e+01         +/-  2.30e+01  <none>
                  Nsig    3.7213e+03    3.7213e+03         +/-  7.28e+01  <none>
           alfaFail_10    1.7075e+02    1.9963e+02         +/-  1.30e+02  <none>
           betaFail_10    1.1325e-04    1.1311e-04         +/-  2.23e+00  <none>
                   eff    6.9505e-01    6.9505e-01 (+0.00e+00,-1.02e-02)  <none>
          gammaFail_10    1.2177e-02    1.2177e-02         +/-  3.69e-02  <none>
           meanFail_10   -9.0057e-02   -9.0057e-02         +/-  2.27e-01  <none>
           meanPass_10    1.1712e-02    1.1712e-02         +/-  2.40e-02  <none>
          sigmaFail_10    7.2880e-01    7.2880e-01         +/-  5.63e-01  <none>
          sigmaPass_10    7.7754e-02    7.7754e-02         +/-  7.94e-02  <none>
              tPass_10   -7.3065e-02   -7.3065e-02         +/-  1.08e-01  <none>


  Correlation Matrix
 --------------------
   1.0000  -0.0004  -0.3650  -0.0007  -0.0083   0.4983  -0.0035   0.0708  -0.0001  -0.1729  -0.0000  -0.0003
  -0.0004   1.0000  -0.3007   0.0008   0.0024  -0.1805   0.0024  -0.0003   0.0082   0.0004  -0.0067   0.6813
  -0.3650  -0.3007   1.0000   0.0002   0.0043  -0.2403   0.0014  -0.0421  -0.0025   0.1027   0.0022  -0.2118
  -0.0007   0.0008   0.0002   1.0000   0.0730  -0.0007   0.0746  -0.0058   0.0033   0.0012   0.0033   0.0008
  -0.0083   0.0024   0.0043   0.0730   1.0000  -0.0073   0.9978  -0.0774   0.0100   0.0131   0.0099   0.0022
   0.4983  -0.1805  -0.2403  -0.0007  -0.0073   1.0000  -0.0033   0.0576  -0.0016  -0.1404   0.0012  -0.1271
  -0.0035   0.0024   0.0014   0.0746   0.9978  -0.0033   1.0000  -0.0614   0.0100   0.0097   0.0099   0.0022
   0.0708  -0.0003  -0.0421  -0.0058  -0.0774   0.0576  -0.0614   1.0000  -0.0010  -0.2591  -0.0010  -0.0002
  -0.0001   0.0082  -0.0025   0.0033   0.0100  -0.0016   0.0100  -0.0010   1.0000   0.0012   0.9800   0.0000
  -0.1729   0.0004   0.1027   0.0012   0.0131  -0.1404   0.0097  -0.2591   0.0012   1.0000   0.0012   0.0003
  -0.0000  -0.0067   0.0022   0.0033   0.0099   0.0012   0.0099  -0.0010   0.9800   0.0012   1.0000   0.0001
  -0.0003   0.6813  -0.2118   0.0008   0.0022  -0.1271   0.0022  -0.0002   0.0000   0.0003   0.0001   1.0000
