
  RooFitResult: minimized FCN value: -10728.9, estimated distance to minimum: 5.26447e-05
                covariance matrix quality: Full, accurate covariance matrix
                Status : MINIMIZE=0 HESSE=0 MINOS=0 

    Constant Parameter    Value     
  --------------------  ------------
           peakFail_31    9.1188e+01

    Floating Parameter  InitialValue    FinalValue (+HiError,-LoError)    GblCorr.
  --------------------  ------------  ----------------------------------  --------
              NbkgFail    3.4870e+02    3.4870e+02 (+3.11e+01,-3.03e+01)  <none>
              NbkgPass    2.0189e+01    2.0189e+01 (+1.95e+01,-1.85e+01)  <none>
                  Nsig    3.3601e+03    3.3601e+03         +/-  6.56e+01  <none>
           alfaFail_31    1.9974e+02    1.9975e+02 (+2.54e-01,-1.36e+02)  <none>
           betaFail_31    1.8943e-02    1.8941e-02 (+8.63e-03,-1.26e-02)  <none>
                   eff    8.7134e-01    8.7134e-01 (+8.55e-03,-8.67e-03)  <none>
          gammaFail_31    7.1566e-02    7.1559e-02 (+6.74e-02,-7.16e-02)  <none>
           meanFail_31    9.4763e-01    9.4763e-01         +/-  2.60e+00  <none>
           meanPass_31    9.7610e-01    9.7610e-01 (+3.63e-01,-2.88e-01)  <none>
          sigmaFail_31    2.1175e-01    2.1175e-01         +/-  3.45e+00  <none>
          sigmaPass_31    1.4070e-01    1.4070e-01 (+4.78e-01,-2.96e+00)  <none>
              tPass_31   -1.0972e-11   -1.0964e-11 (+1.10e-11,-1.02e-02)  <none>


  Correlation Matrix
 --------------------
   1.0000  -0.0000  -0.3058  -0.0011   0.4972   0.5972   0.4449   0.0013   0.0004  -0.0028  -0.0004  -0.0000
  -0.0000   1.0000  -0.2657  -0.0002  -0.0000  -0.0766  -0.0001  -0.0004   0.0004   0.0004  -0.0007  -0.0086
  -0.3058  -0.2657   1.0000   0.0011  -0.2366  -0.2625  -0.2114   0.0023  -0.0055  -0.0016   0.0056   0.0024
  -0.0011  -0.0002   0.0011   1.0000  -0.0620  -0.0010   0.4535   0.0078  -0.0239  -0.0079   0.0239   0.0000
   0.4972  -0.0000  -0.2366  -0.0620   1.0000   0.4620   0.8603   0.0038  -0.0008  -0.0059   0.0008   0.0000
   0.5972  -0.0766  -0.2625  -0.0010   0.4620   1.0000   0.4134   0.0013   0.0000  -0.0027  -0.0000   0.0007
   0.4449  -0.0001  -0.2114   0.4535   0.8603   0.4134   1.0000   0.0074  -0.0129  -0.0092   0.0129   0.0000
   0.0013  -0.0004   0.0023   0.0078   0.0038   0.0013   0.0074   1.0000  -0.1838  -0.9998   0.1838  -0.0000
   0.0004   0.0004  -0.0055  -0.0239  -0.0008   0.0000  -0.0129  -0.1838   1.0000   0.1838  -0.9998   0.0000
  -0.0028   0.0004  -0.0016  -0.0079  -0.0059  -0.0027  -0.0092  -0.9998   0.1838   1.0000  -0.1838   0.0000
  -0.0004  -0.0007   0.0056   0.0239   0.0008  -0.0000   0.0129   0.1838  -0.9998  -0.1838   1.0000  -0.0000
  -0.0000  -0.0086   0.0024   0.0000   0.0000   0.0007   0.0000  -0.0000   0.0000   0.0000  -0.0000   1.0000
