
  RooFitResult: minimized FCN value: -26249.3, estimated distance to minimum: 1.74245e-06
                covariance matrix quality: Full matrix, but forced positive-definite
                Status : MINIMIZE=0 HESSE=0 MINOS=0 

    Constant Parameter    Value     
  --------------------  ------------
            peakFail_5    9.1188e+01

    Floating Parameter  InitialValue    FinalValue (+HiError,-LoError)    GblCorr.
  --------------------  ------------  ----------------------------------  --------
              NbkgFail    1.3800e+03    1.3800e+03         +/-  8.76e+01  <none>
              NbkgPass    7.6760e+01    7.6760e+01         +/-  2.96e+01  <none>
                  Nsig    6.6633e+03    6.6633e+03         +/-  1.17e+02  <none>
            alfaFail_5    6.3671e+01    6.3670e+01         +/-  3.79e+00  <none>
            betaFail_5    7.5049e-02    7.5065e-02         +/-  3.89e-02  <none>
                   eff    6.8724e-01    6.8724e-01 (+0.00e+00,-7.48e-03)  <none>
           gammaFail_5    1.7359e-02    1.7358e-02         +/-  6.86e-03  <none>
            meanFail_5    7.7292e-01    7.7292e-01         +/-  2.19e+00  <none>
            meanPass_5    4.8720e-01    4.8720e-01         +/-  5.74e-02  <none>
           sigmaFail_5    2.9711e-01    2.9712e-01         +/-  2.68e+00  <none>
           sigmaPass_5    6.3140e-01    6.3140e-01         +/-  1.49e-01  <none>
               tPass_5   -5.9218e-02   -5.9218e-02         +/-  2.15e-02  <none>


  Correlation Matrix
 --------------------
   1.0000  -0.0013  -0.6128   0.7017  -0.5508   0.7379   0.6887   0.0202   0.0002  -0.0238   0.0009  -0.0005
  -0.0013   1.0000  -0.2306  -0.0021   0.0028  -0.1282  -0.0022   0.0097   0.0650  -0.0097  -0.0691   0.4557
  -0.6128  -0.2306   1.0000  -0.5238   0.4110  -0.5189  -0.5141  -0.0165  -0.0166   0.0192   0.0164  -0.1153
   0.7017  -0.0021  -0.5238   1.0000  -0.7797   0.6309   0.9451   0.0143   0.0003  -0.0191   0.0016  -0.0010
  -0.5508   0.0028   0.4110  -0.7797   1.0000  -0.4954  -0.8288  -0.0050  -0.0003   0.0106  -0.0023   0.0013
   0.7379  -0.1282  -0.5189   0.6309  -0.4954   1.0000   0.6193   0.0163  -0.0089  -0.0195   0.0101  -0.0641
   0.6887  -0.0022  -0.5141   0.9451  -0.8288   0.6193   1.0000   0.0162   0.0003  -0.0171   0.0018  -0.0010
   0.0202   0.0097  -0.0165   0.0143  -0.0050   0.0163   0.0162   1.0000   0.0014  -0.9975  -0.0084   0.0050
   0.0002   0.0650  -0.0166   0.0003  -0.0003  -0.0089   0.0003   0.0014   1.0000  -0.0014  -0.0984  -0.0179
  -0.0238  -0.0097   0.0192  -0.0191   0.0106  -0.0195  -0.0171  -0.9975  -0.0014   1.0000   0.0085  -0.0050
   0.0009  -0.0691   0.0164   0.0016  -0.0023   0.0101   0.0018  -0.0084  -0.0984   0.0085   1.0000  -0.1018
  -0.0005   0.4557  -0.1153  -0.0010   0.0013  -0.0641  -0.0010   0.0050  -0.0179  -0.0050  -0.1018   1.0000
