
  RooFitResult: minimized FCN value: -185.262, estimated distance to minimum: 6.04794e-08
                covariance matrix quality: Full, accurate covariance matrix
                Status : MINIMIZE=0 HESSE=0 MINOS=0 

    Constant Parameter    Value     
  --------------------  ------------
           peakFail_33    9.1188e+01

    Floating Parameter  InitialValue    FinalValue (+HiError,-LoError)    GblCorr.
  --------------------  ------------  ----------------------------------  --------
              NbkgFail    3.8270e+01    3.8271e+01 (+2.78e+01,-1.37e+01)  <none>
              NbkgPass    8.7437e+00    8.7437e+00 (+8.16e+00,-7.18e+00)  <none>
                  Nsig    4.2199e+02    4.2199e+02 (+2.51e+01,-2.48e+01)  <none>
           alfaFail_33    2.0000e+02    2.0000e+02 (+1.03e-04,-1.34e+02)  <none>
           betaFail_33    1.0788e-02    1.0790e-02 (+6.24e-03,-3.74e-03)  <none>
                   eff    7.3523e-01    7.3523e-01 (+9.13e-02,-3.06e-02)  <none>
          gammaFail_33    3.2388e-07    2.1268e-08 (+2.45e-01,-2.13e-08)  <none>
           meanFail_33    1.6238e+00    1.6238e+00 (+1.20e+00,-1.17e+00)  <none>
           meanPass_33    1.3499e+00    1.3499e+00 (+2.79e-01,-2.80e-01)  <none>
          sigmaFail_33    5.0000e+00    5.0000e+00 (+8.67e-12,-3.96e+00)  <none>
          sigmaPass_33    1.4574e+00    1.4574e+00 (+4.70e-01,-4.87e-01)  <none>
              tPass_33   -8.8818e-16   -1.5543e-15 (+1.55e-15,-1.23e-01)  <none>


  Correlation Matrix
 --------------------
   1.0000  -0.0000  -0.4272  -0.0996  -0.2367   0.6095   0.0040   0.0406   0.0000   0.0035  -0.0000   0.0000
  -0.0000   1.0000  -0.2502  -0.0000   0.0000  -0.1285   0.0000  -0.0000  -0.0305  -0.0000  -0.1997  -0.0050
  -0.4272  -0.2502   1.0000   0.0541   0.1285  -0.2926  -0.0022  -0.0220   0.0091  -0.0019   0.0596   0.0015
  -0.0996  -0.0000   0.0541   1.0000  -0.7834  -0.0771   0.0302  -0.0592   0.0000  -0.0003   0.0000   0.0000
  -0.2367   0.0000   0.1285  -0.7834   1.0000  -0.1834   0.0444  -0.1962  -0.0000  -0.0012  -0.0000  -0.0000
   0.6095  -0.1285  -0.2926  -0.0771  -0.1834   1.0000   0.0031   0.0314   0.0047   0.0027   0.0306   0.0008
   0.0040   0.0000  -0.0022   0.0302   0.0444   0.0031   1.0000  -0.0037  -0.0000   0.0000  -0.0000  -0.0000
   0.0406  -0.0000  -0.0220  -0.0592  -0.1962   0.0314  -0.0037   1.0000   0.0000   0.0002   0.0000   0.0000
   0.0000  -0.0305   0.0091   0.0000  -0.0000   0.0047  -0.0000   0.0000   1.0000  -0.0000   0.0236   0.0006
   0.0035  -0.0000  -0.0019  -0.0003  -0.0012   0.0027   0.0000   0.0002  -0.0000   1.0000  -0.0000  -0.0000
  -0.0000  -0.1997   0.0596   0.0000  -0.0000   0.0306  -0.0000   0.0000   0.0236  -0.0000   1.0000   0.0005
   0.0000  -0.0050   0.0015   0.0000  -0.0000   0.0008  -0.0000   0.0000   0.0006  -0.0000   0.0005   1.0000
