
  RooFitResult: minimized FCN value: -40438, estimated distance to minimum: 0.000213706
                covariance matrix quality: Full matrix, but forced positive-definite
                Status : MINIMIZE=0 HESSE=0 MINOS=0 

    Constant Parameter    Value     
  --------------------  ------------
           peakFail_15    9.1188e+01

    Floating Parameter  InitialValue    FinalValue (+HiError,-LoError)    GblCorr.
  --------------------  ------------  ----------------------------------  --------
              NbkgFail    4.6738e+02    4.6738e+02         +/-  3.95e+01  <none>
              NbkgPass    1.0129e-02    1.0173e-02         +/-  6.77e+01  <none>
                  Nsig    9.8767e+03    9.8767e+03         +/-  1.04e+02  <none>
           alfaFail_15    1.9986e+02    1.9986e+02         +/-  1.72e+02  <none>
           betaFail_15    2.2601e-02    2.2601e-02         +/-  3.94e-03  <none>
                   eff    7.3538e-01    7.3538e-01 (+0.00e+00,-5.39e-03)  <none>
          gammaFail_15    1.1782e-01    1.1782e-01         +/-  4.29e-02  <none>
           meanFail_15    9.4944e-01    9.4944e-01         +/-  2.01e-01  <none>
           meanPass_15    5.8199e-01    5.8199e-01         +/-  1.30e-01  <none>
          sigmaFail_15    1.7847e-01    1.7847e-01         +/-  3.46e-01  <none>
          sigmaPass_15    4.1178e-01    4.1178e-01         +/-  1.65e-01  <none>
              tPass_15   -5.3477e-03   -6.3439e-03         +/-  7.42e-01  <none>


  Correlation Matrix
 --------------------
   1.0000   0.0000  -0.2640  -0.1850   0.3748   0.4058   0.1227  -0.0020   0.0001  -0.0002  -0.0001   0.0000
   0.0000   1.0000  -0.0073  -0.0000   0.0000  -0.0040  -0.0000   0.0001   0.0039  -0.0001  -0.0044  -0.0819
  -0.2640  -0.0073   1.0000   0.0697  -0.1412  -0.1529  -0.0463   0.0008  -0.0001   0.0000   0.0001   0.0006
  -0.1850  -0.0000   0.0697   1.0000  -0.5768  -0.1071   0.6595   0.0079  -0.0004  -0.0079   0.0003  -0.0000
   0.3748   0.0000  -0.1412  -0.5768   1.0000   0.2171   0.2299  -0.0041   0.0002   0.0025  -0.0002   0.0000
   0.4058  -0.0040  -0.1529  -0.1071   0.2171   1.0000   0.0711  -0.0012   0.0000  -0.0001  -0.0000   0.0003
   0.1227  -0.0000  -0.0463   0.6595   0.2299   0.0711   1.0000   0.0063  -0.0003  -0.0065   0.0002  -0.0000
  -0.0020   0.0001   0.0008   0.0079  -0.0041  -0.0012   0.0063   1.0000   0.0006  -0.9952  -0.0004   0.0000
   0.0001   0.0039  -0.0001  -0.0004   0.0002   0.0000  -0.0003   0.0006   1.0000  -0.0006  -0.8424   0.0002
  -0.0002  -0.0001   0.0000  -0.0079   0.0025  -0.0001  -0.0065  -0.9952  -0.0006   1.0000   0.0004  -0.0000
  -0.0001  -0.0044   0.0001   0.0003  -0.0002  -0.0000   0.0002  -0.0004  -0.8424   0.0004   1.0000   0.0002
   0.0000  -0.0819   0.0006  -0.0000   0.0000   0.0003  -0.0000   0.0000   0.0002  -0.0000   0.0002   1.0000
