
  RooFitResult: minimized FCN value: -11521.8, estimated distance to minimum: 4.68347e-05
                covariance matrix quality: Full, accurate covariance matrix
                Status : MINIMIZE=0 HESSE=0 MINOS=0 

    Constant Parameter    Value     
  --------------------  ------------
            peakFail_1    9.1188e+01

    Floating Parameter  InitialValue    FinalValue (+HiError,-LoError)    GblCorr.
  --------------------  ------------  ----------------------------------  --------
              NbkgFail    7.7403e+02    7.7403e+02         +/-  7.09e+01  <none>
              NbkgPass    3.8921e+01    3.8921e+01         +/-  2.35e+01  <none>
                  Nsig    3.6951e+03    3.6951e+03         +/-  9.21e+01  <none>
            alfaFail_1    1.1248e+02    1.1282e+02         +/-  1.51e+02  <none>
            betaFail_1    8.3251e-03    8.3074e-03         +/-  3.03e-02  <none>
                   eff    6.7714e-01    6.7714e-01 (+8.82e-03,--0.00e+00)  <none>
           gammaFail_1    1.8948e-02    1.8947e-02         +/-  3.85e-02  <none>
            meanFail_1   -4.2575e-01   -4.2571e-01         +/-  2.35e-01  <none>
            meanPass_1    2.5196e-01    2.5196e-01         +/-  9.00e-02  <none>
           sigmaFail_1    1.4228e+00    1.4228e+00         +/-  6.07e-01  <none>
           sigmaPass_1    7.4914e-01    7.4914e-01         +/-  2.12e-01  <none>
               tPass_1   -6.1481e-02   -6.1482e-02         +/-  3.80e-02  <none>


  Correlation Matrix
 --------------------
   1.0000   0.0001  -0.6526  -0.5337   0.7173   0.7662  -0.0396   0.1618   0.0000  -0.5317   0.0006  -0.0004
   0.0001   1.0000  -0.2378  -0.0059   0.0019  -0.1331  -0.0084   0.0001   0.0443  -0.0001  -0.0824   0.5364
  -0.6526  -0.2378   1.0000   0.4180  -0.5553  -0.5569   0.0396  -0.1249  -0.0113   0.4101   0.0207  -0.1369
  -0.5337  -0.0059   0.4180   1.0000  -0.8523  -0.4825   0.7292  -0.0923   0.0004   0.3538   0.0061  -0.0072
   0.7173   0.0019  -0.5553  -0.8523   1.0000   0.6492  -0.2651   0.1061  -0.0001  -0.4773  -0.0013   0.0019
   0.7662  -0.1331  -0.5569  -0.4825   0.6492   1.0000  -0.0348   0.1465  -0.0063  -0.4814   0.0123  -0.0772
  -0.0396  -0.0084   0.0396   0.7292  -0.2651  -0.0348   1.0000  -0.0146   0.0006   0.0251   0.0096  -0.0109
   0.1618   0.0001  -0.1249  -0.0923   0.1061   0.1465  -0.0146   1.0000  -0.0000  -0.2770   0.0000   0.0000
   0.0000   0.0443  -0.0113   0.0004  -0.0001  -0.0063   0.0006  -0.0000   1.0000  -0.0000   0.0366  -0.0644
  -0.5317  -0.0001   0.4101   0.3538  -0.4773  -0.4814   0.0251  -0.2770  -0.0000   1.0000  -0.0005   0.0003
   0.0006  -0.0824   0.0207   0.0061  -0.0013   0.0123   0.0096   0.0000   0.0366  -0.0005   1.0000  -0.1482
  -0.0004   0.5364  -0.1369  -0.0072   0.0019  -0.0772  -0.0109   0.0000  -0.0644   0.0003  -0.1482   1.0000
