
  RooFitResult: minimized FCN value: -1230.49, estimated distance to minimum: 1.53388e-05
                covariance matrix quality: Full matrix, but forced positive-definite
                Status : MINIMIZE=0 HESSE=0 MINOS=0 

    Constant Parameter    Value     
  --------------------  ------------
            peakFail_2    9.1188e+01

    Floating Parameter  InitialValue    FinalValue (+HiError,-LoError)    GblCorr.
  --------------------  ------------  ----------------------------------  --------
              NbkgFail    1.2604e+02    1.2604e+02         +/-  3.07e+01  <none>
              NbkgPass    2.1383e+01    2.1383e+01         +/-  1.21e+01  <none>
                  Nsig    1.0166e+03    1.0166e+03         +/-  4.40e+01  <none>
            alfaFail_2    1.9998e+02    1.9999e+02         +/-  9.85e+01  <none>
            betaFail_2    6.7852e-03    6.7864e-03         +/-  2.18e-02  <none>
                   eff    4.5999e-01    4.5999e-01 (+3.09e-02,-2.13e-02)  <none>
           gammaFail_2    1.0508e-02    1.0509e-02         +/-  2.09e-01  <none>
            meanFail_2   -3.4484e-01   -3.4484e-01         +/-  8.38e-01  <none>
            meanPass_2    5.3785e-01    5.3785e-01         +/-  2.60e-01  <none>
           sigmaFail_2    4.3006e-01    4.3006e-01         +/-  5.77e-01  <none>
           sigmaPass_2    1.0450e+00    1.0450e+00         +/-  5.05e-01  <none>
               tPass_2   -6.1977e-02   -6.1977e-02         +/-  3.57e-02  <none>


  Correlation Matrix
 --------------------
   1.0000  -0.0000  -0.6024  -0.1269   0.1397   0.5706   0.2155   0.1910  -0.0001  -0.2143   0.0001   0.0000
  -0.0000   1.0000  -0.2332   0.0008  -0.0009  -0.2593  -0.0009   0.0002   0.1307  -0.0001  -0.1840   0.5227
  -0.6024  -0.2332   1.0000   0.0884  -0.0974  -0.3255  -0.1500  -0.1325  -0.0355   0.1488   0.0501  -0.1426
  -0.1269   0.0008   0.0884   1.0000  -0.7987  -0.0836  -0.8883   0.1462   0.0001  -0.0593  -0.0001   0.0004
   0.1397  -0.0009  -0.0974  -0.7987   1.0000   0.0921   0.9778  -0.1758  -0.0001   0.0746   0.0002  -0.0004
   0.5706  -0.2593  -0.3255  -0.0836   0.0921   1.0000   0.1419   0.1256  -0.0397  -0.1409   0.0559  -0.1585
   0.2155  -0.0009  -0.1500  -0.8883   0.9778   0.1419   1.0000  -0.1353  -0.0001   0.0480   0.0002  -0.0004
   0.1910   0.0002  -0.1325   0.1462  -0.1758   0.1256  -0.1353   1.0000  -0.0000  -0.7953  -0.0000   0.0001
  -0.0001   0.1307  -0.0355   0.0001  -0.0001  -0.0397  -0.0001  -0.0000   1.0000   0.0000  -0.1809  -0.0215
  -0.2143  -0.0001   0.1488  -0.0593   0.0746  -0.1409   0.0480  -0.7953   0.0000   1.0000  -0.0000  -0.0000
   0.0001  -0.1840   0.0501  -0.0001   0.0002   0.0559   0.0002  -0.0000  -0.1809  -0.0000   1.0000  -0.1841
   0.0000   0.5227  -0.1426   0.0004  -0.0004  -0.1585  -0.0004   0.0001  -0.0215  -0.0000  -0.1841   1.0000
