
  RooFitResult: minimized FCN value: -10200.8, estimated distance to minimum: 0.000134196
                covariance matrix quality: Full matrix, but forced positive-definite
                Status : MINIMIZE=0 HESSE=0 MINOS=0 

    Constant Parameter    Value     
  --------------------  ------------
           peakFail_28    9.1188e+01

    Floating Parameter  InitialValue    FinalValue (+HiError,-LoError)    GblCorr.
  --------------------  ------------  ----------------------------------  --------
              NbkgFail    3.5317e+02    3.5317e+02         +/-  6.14e+01  <none>
              NbkgPass    3.1388e+01    3.1373e+01         +/-  1.79e+01  <none>
                  Nsig    3.2544e+03    3.2545e+03         +/-  8.15e+01  <none>
           alfaFail_28    2.0000e+02    2.0000e+02         +/-  1.02e+02  <none>
           betaFail_28    7.9171e-03    7.9179e-03         +/-  1.02e-02  <none>
                   eff    8.5440e-01    8.5441e-01 (+6.96e-03,-8.00e-03)  <none>
          gammaFail_28    7.2123e-08    1.1935e-09         +/-  1.09e-01  <none>
           meanFail_28    8.0098e-01    8.0094e-01         +/-  2.39e-01  <none>
           meanPass_28    1.2669e-03    1.2667e-03         +/-  1.09e-03  <none>
          sigmaFail_28    6.8137e-01    6.8134e-01         +/-  2.97e-01  <none>
          sigmaPass_28    2.3811e-02    2.3811e-02         +/-  1.02e-02  <none>
              tPass_28   -3.6232e-09   -8.5987e-13         +/-  4.19e-03  <none>


  Correlation Matrix
 --------------------
   1.0000  -0.0031  -0.6748   0.8641  -0.9055   0.8872  -0.9122   0.1431   0.0000  -0.2875   0.0001   0.0000
  -0.0031   1.0000  -0.1853  -0.0030   0.0031  -0.0450   0.0032  -0.0005   0.0053   0.0010  -0.0053  -0.0051
  -0.6748  -0.1853   1.0000  -0.6402   0.6709  -0.6486   0.6758  -0.1060  -0.0011   0.2130   0.0011   0.0011
   0.8641  -0.0030  -0.6402   1.0000  -0.8995   0.8417  -0.9430   0.1463   0.0000  -0.2730   0.0001   0.0000
  -0.9055   0.0031   0.6709  -0.8995   1.0000  -0.8820   0.9905  -0.1529  -0.0000   0.2847  -0.0001  -0.0000
   0.8872  -0.0450  -0.6486   0.8417  -0.8820   1.0000  -0.8885   0.1394  -0.0002  -0.2800   0.0003   0.0003
  -0.9122   0.0032   0.6758  -0.9430   0.9905  -0.8885   1.0000  -0.1450  -0.0000   0.2824  -0.0001  -0.0000
   0.1431  -0.0005  -0.1060   0.1463  -0.1529   0.1394  -0.1450   1.0000   0.0000  -0.4313   0.0000   0.0000
   0.0000   0.0053  -0.0011   0.0000  -0.0000  -0.0002  -0.0000   0.0000   1.0000  -0.0000   0.9400   0.0000
  -0.2875   0.0010   0.2130  -0.2730   0.2847  -0.2800   0.2824  -0.4313  -0.0000   1.0000  -0.0000  -0.0000
   0.0001  -0.0053   0.0011   0.0001  -0.0001   0.0003  -0.0001   0.0000   0.9400  -0.0000   1.0000  -0.0000
   0.0000  -0.0051   0.0011   0.0000  -0.0000   0.0003  -0.0000   0.0000   0.0000  -0.0000  -0.0000   1.0000
