
  RooFitResult: minimized FCN value: -208.014, estimated distance to minimum: 0.00931876
                covariance matrix quality: Full, accurate covariance matrix
                Status : MINIMIZE=0 HESSE=0 MINOS=0 

    Constant Parameter    Value     
  --------------------  ------------
           peakFail_26    9.1188e+01

    Floating Parameter  InitialValue    FinalValue (+HiError,-LoError)    GblCorr.
  --------------------  ------------  ----------------------------------  --------
              NbkgFail    4.9502e+01    4.9502e+01         +/-  1.79e+01  <none>
              NbkgPass    1.0192e-02    1.0025e-02         +/-  5.75e+01  <none>
                  Nsig    4.0949e+02    4.0949e+02         +/-  2.62e+01  <none>
           alfaFail_26    1.5661e+02    1.5661e+02         +/-  1.04e+02  <none>
           betaFail_26    3.2115e-02    3.2115e-02         +/-  5.33e-02  <none>
                   eff    7.6922e-01    7.6922e-01 (+3.85e-02,--0.00e+00)  <none>
          gammaFail_26    1.0157e-01    1.0157e-01         +/-  9.23e-01  <none>
           meanFail_26    5.6620e-01    5.6620e-01         +/-  1.06e+00  <none>
           meanPass_26    8.5371e-01    8.5370e-01         +/-  2.74e-01  <none>
          sigmaFail_26    4.4675e-01    4.4674e-01         +/-  5.54e-01  <none>
          sigmaPass_26    1.5019e+00    1.5019e+00         +/-  4.84e-01  <none>
              tPass_26   -4.3025e-03   -2.8375e-03         +/-  5.17e-01  <none>


  Correlation Matrix
 --------------------
   1.0000  -0.0000  -0.5857  -0.2749   0.3837   0.7671  -0.2534   0.0264  -0.0000  -0.2248  -0.0000   0.0000
  -0.0000   1.0000  -0.0039   0.0000  -0.0000  -0.0015   0.0000  -0.0000   0.0005   0.0000  -0.0026  -0.0652
  -0.5857  -0.0039   1.0000   0.1897  -0.2648  -0.5293   0.1749  -0.0182  -0.0000   0.1551   0.0000   0.0005
  -0.2749   0.0000   0.1897   1.0000  -0.9382  -0.2485   0.9989  -0.1059   0.0000   0.0033   0.0000  -0.0000
   0.3837  -0.0000  -0.2648  -0.9382   1.0000   0.3468  -0.9211  -0.0669  -0.0000   0.0410  -0.0000   0.0000
   0.7671  -0.0015  -0.5293  -0.2485   0.3468   1.0000  -0.2290   0.0238  -0.0000  -0.2032   0.0000   0.0002
  -0.2534   0.0000   0.1749   0.9989  -0.9211  -0.2290   1.0000  -0.1255   0.0000   0.0070   0.0000  -0.0000
   0.0264  -0.0000  -0.0182  -0.1059  -0.0669   0.0238  -0.1255   1.0000  -0.0000  -0.3708  -0.0000   0.0000
  -0.0000   0.0005  -0.0000   0.0000  -0.0000  -0.0000   0.0000  -0.0000   1.0000   0.0000   0.1280   0.0038
  -0.2248   0.0000   0.1551   0.0033   0.0410  -0.2032   0.0070  -0.3708   0.0000   1.0000   0.0000  -0.0000
  -0.0000  -0.0026   0.0000   0.0000  -0.0000   0.0000   0.0000  -0.0000   0.1280   0.0000   1.0000   0.0013
   0.0000  -0.0652   0.0005  -0.0000   0.0000   0.0002  -0.0000   0.0000   0.0038  -0.0000   0.0013   1.0000
