
  RooFitResult: minimized FCN value: -69105.9, estimated distance to minimum: 0.00101689
                covariance matrix quality: Full matrix, but forced positive-definite
                Status : MINIMIZE=0 HESSE=0 MINOS=0 

    Constant Parameter    Value     
  --------------------  ------------
           peakFail_18    9.1188e+01

    Floating Parameter  InitialValue    FinalValue (+HiError,-LoError)    GblCorr.
  --------------------  ------------  ----------------------------------  --------
              NbkgFail    6.8532e+02    6.8532e+02         +/-  4.56e+01  <none>
              NbkgPass    3.2741e+00    3.2598e+00         +/-  3.51e+00  <none>
                  Nsig    1.4694e+04    1.4694e+04         +/-  1.27e+02  <none>
           alfaFail_18    1.9480e+02    1.9480e+02         +/-  1.41e+02  <none>
           betaFail_18    2.4053e-02    2.4053e-02         +/-  3.25e-03  <none>
                   eff    8.1934e-01    8.1934e-01 (+4.08e-03,-3.95e-03)  <none>
          gammaFail_18    1.2226e-01    1.2226e-01         +/-  3.86e-02  <none>
           meanFail_18    9.2320e-01    9.2320e-01         +/-  3.14e-01  <none>
           meanPass_18    8.2174e-01    8.2174e-01         +/-  3.66e-01  <none>
          sigmaFail_18    3.1813e-01    3.1813e-01         +/-  6.20e-01  <none>
          sigmaPass_18    2.6390e-01    2.6390e-01         +/-  2.69e-01  <none>
              tPass_18   -6.4661e-01   -6.4937e-01         +/-  6.61e-01  <none>


  Correlation Matrix
 --------------------
   1.0000   0.0002  -0.2413  -0.1428   0.3784   0.4496   0.1787   0.0022  -0.0009  -0.0047   0.0009   0.0003
   0.0002   1.0000  -0.0204  -0.0030   0.0011  -0.0082  -0.0022   0.0022   0.0007  -0.0022   0.0015   0.4665
  -0.2413  -0.0204   1.0000   0.0512  -0.1360  -0.1614  -0.0643  -0.0008   0.0005   0.0017  -0.0006  -0.0130
  -0.1428  -0.0030   0.0512   1.0000  -0.4559  -0.0955   0.6532   0.0135   0.0081  -0.0125  -0.0081  -0.0036
   0.3784   0.0011  -0.1360  -0.4559   1.0000   0.2534   0.3728  -0.0034  -0.0037  -0.0014   0.0037   0.0015
   0.4496  -0.0082  -0.1614  -0.0955   0.2534   1.0000   0.1199   0.0015  -0.0007  -0.0032   0.0006  -0.0051
   0.1787  -0.0022  -0.0643   0.6532   0.3728   0.1199   1.0000   0.0121   0.0053  -0.0141  -0.0053  -0.0025
   0.0022   0.0022  -0.0008   0.0135  -0.0034   0.0015   0.0121   1.0000  -0.0104  -0.9935   0.0104   0.0038
  -0.0009   0.0007   0.0005   0.0081  -0.0037  -0.0007   0.0053  -0.0104   1.0000   0.0104  -0.9969  -0.0002
  -0.0047  -0.0022   0.0017  -0.0125  -0.0014  -0.0032  -0.0141  -0.9935   0.0104   1.0000  -0.0105  -0.0038
   0.0009   0.0015  -0.0006  -0.0081   0.0037   0.0006  -0.0053   0.0104  -0.9969  -0.0105   1.0000   0.0006
   0.0003   0.4665  -0.0130  -0.0036   0.0015  -0.0051  -0.0025   0.0038  -0.0002  -0.0038   0.0006   1.0000
