
  RooFitResult: minimized FCN value: -16195, estimated distance to minimum: 4.52386e-05
                covariance matrix quality: Full matrix, but forced positive-definite
                Status : MINIMIZE=0 HESSE=0 MINOS=0 

    Constant Parameter    Value     
  --------------------  ------------
            peakFail_8    9.1188e+01

    Floating Parameter  InitialValue    FinalValue +/-  Error     GblCorr.
  --------------------  ------------  --------------------------  --------
              NbkgFail    8.4976e+02    8.4976e+02 +/-  4.78e+01  <none>
              NbkgPass    3.5940e+01    3.5940e+01 +/-  2.44e+01  <none>
                  Nsig    4.8383e+03    4.8383e+03 +/-  8.24e+01  <none>
            alfaFail_8    1.9123e+02    1.9755e+02 +/-  1.86e+02  <none>
            betaFail_8    1.3268e-04    1.3232e-04 +/-  3.19e-01  <none>
                   eff    4.7725e-01    4.7725e-01 +/-  8.46e-03  <none>
           gammaFail_8    1.2008e-02    1.2007e-02 +/-  1.53e-02  <none>
            meanFail_8    2.0701e-03    2.0701e-03 +/-  1.05e-01  <none>
            meanPass_8    2.7945e-01    2.7945e-01 +/-  8.71e-02  <none>
           sigmaFail_8    1.2651e-01    1.2651e-01 +/-  4.72e+00  <none>
           sigmaPass_8    7.0917e-01    7.0917e-01 +/-  2.30e-01  <none>
               tPass_8   -1.6794e-02   -1.6794e-02 +/-  2.52e-02  <none>


  Correlation Matrix
 --------------------
   1.0000  -0.0000  -0.3640  -0.0000   0.0031   0.3496   0.0191   0.0036   0.0000   0.0010  -0.0000  -0.0000
  -0.0000   1.0000  -0.2770   0.0002   0.0008  -0.2915   0.0008  -0.0019   0.0395  -0.0019  -0.0914  -0.5213
  -0.3640  -0.2770   1.0000  -0.0000  -0.0011  -0.1163  -0.0104  -0.0010  -0.0116   0.0005   0.0269   0.1537
  -0.0000   0.0002  -0.0000   1.0000   0.0215  -0.0001   0.0463  -0.0037  -0.0002  -0.0037   0.0013   0.0002
   0.0031   0.0008  -0.0011   0.0215   1.0000   0.0015   0.9869  -0.0661  -0.0012  -0.0656   0.0075   0.0011
   0.3496  -0.2915  -0.1163  -0.0001   0.0015   1.0000   0.0104   0.0029  -0.0122   0.0015   0.0283   0.1617
   0.0191   0.0008  -0.0104   0.0463   0.9869   0.0104   1.0000  -0.0629  -0.0012  -0.0646   0.0074   0.0011
   0.0036  -0.0019  -0.0010  -0.0037  -0.0661   0.0029  -0.0629   1.0000   0.0015   0.9975  -0.0094  -0.0010
   0.0000   0.0395  -0.0116  -0.0002  -0.0012  -0.0122  -0.0012   0.0015   1.0000   0.0016  -0.1026  -0.1216
   0.0010  -0.0019   0.0005  -0.0037  -0.0656   0.0015  -0.0646   0.9975   0.0016   1.0000  -0.0095  -0.0010
  -0.0000  -0.0914   0.0269   0.0013   0.0075   0.0283   0.0074  -0.0094  -0.1026  -0.0095   1.0000   0.0434
  -0.0000  -0.5213   0.1537   0.0002   0.0011   0.1617   0.0011  -0.0010  -0.1216  -0.0010   0.0434   1.0000
