
  RooFitResult: minimized FCN value: -25369, estimated distance to minimum: 2.10642e-05
                covariance matrix quality: Full matrix, but forced positive-definite
                Status : MINIMIZE=0 HESSE=0 MINOS=0 

    Constant Parameter    Value     
  --------------------  ------------
            peakFail_6    9.1188e+01

    Floating Parameter  InitialValue    FinalValue (+HiError,-LoError)    GblCorr.
  --------------------  ------------  ----------------------------------  --------
              NbkgFail    1.5776e+03    1.5775e+03 (+8.12e+01,-7.99e+01)  <none>
              NbkgPass    9.9969e+01    9.9985e+01         +/-  3.04e+01  <none>
                  Nsig    6.2895e+03    6.2895e+03 (+1.10e+02,-1.09e+02)  <none>
            alfaFail_6    1.9920e+02    1.9922e+02 (+7.80e-01,-1.91e+02)  <none>
            betaFail_6    1.8091e-02    1.8085e-02 (+4.25e-03,-5.39e-03)  <none>
                   eff    7.0626e-01    7.0626e-01 (+9.89e-03,-9.78e-03)  <none>
           gammaFail_6    8.8893e-02    8.8850e-02 (+3.65e-02,-6.81e-02)  <none>
            meanFail_6    4.4054e-01    4.4057e-01         +/-  1.48e-01  <none>
            meanPass_6    4.2663e-01    4.2663e-01 (+6.39e-02,-6.62e-02)  <none>
           sigmaFail_6    9.2739e-01    9.2772e-01 (+2.84e-01,-2.94e-01)  <none>
           sigmaPass_6    5.1596e-01    5.1588e-01         +/-  1.55e-01  <none>
               tPass_6   -3.9511e-02   -3.9516e-02         +/-  1.48e-02  <none>


  Correlation Matrix
 --------------------
   1.0000  -0.0002  -0.4520  -0.1591   0.3814   0.5960   0.1813   0.0416   0.0001  -0.2275   0.0000  -0.0001
  -0.0002   1.0000  -0.2676   0.0005  -0.0003  -0.1469   0.0003  -0.0000   0.0144   0.0001  -0.0622   0.2069
  -0.4520  -0.2676   1.0000   0.1079  -0.2588  -0.3602  -0.1230  -0.0282  -0.0044   0.1543   0.0186  -0.0621
  -0.1591   0.0005   0.1079   1.0000  -0.5139  -0.1424   0.6135  -0.0062  -0.0005   0.0656  -0.0003   0.0002
   0.3814  -0.0003  -0.2588  -0.5139   1.0000   0.3412   0.3591  -0.0065   0.0002  -0.1606   0.0001  -0.0001
   0.5960  -0.1469  -0.3602  -0.1424   0.3412   1.0000   0.1621   0.0372  -0.0023  -0.2035   0.0103  -0.0341
   0.1813   0.0003  -0.1230   0.6135   0.3591   0.1621   1.0000   0.0024  -0.0003  -0.0757  -0.0002   0.0001
   0.0416  -0.0000  -0.0282  -0.0062  -0.0065   0.0372   0.0024   1.0000   0.0000  -0.0592   0.0000  -0.0000
   0.0001   0.0144  -0.0044  -0.0005   0.0002  -0.0023  -0.0003   0.0000   1.0000  -0.0000   0.2934  -0.1288
  -0.2275   0.0001   0.1543   0.0656  -0.1606  -0.2035  -0.0757  -0.0592  -0.0000   1.0000  -0.0000   0.0000
   0.0000  -0.0622   0.0186  -0.0003   0.0001   0.0103  -0.0002   0.0000   0.2934  -0.0000   1.0000  -0.1000
  -0.0001   0.2069  -0.0621   0.0002  -0.0001  -0.0341   0.0001  -0.0000  -0.1288   0.0000  -0.1000   1.0000
