
  RooFitResult: minimized FCN value: -21989.3, estimated distance to minimum: 4.36802e-07
                covariance matrix quality: Full matrix, but forced positive-definite
                Status : MINIMIZE=0 HESSE=0 MINOS=0 

    Constant Parameter    Value     
  --------------------  ------------
            peakFail_4    9.1188e+01

    Floating Parameter  InitialValue    FinalValue (+HiError,-LoError)    GblCorr.
  --------------------  ------------  ----------------------------------  --------
              NbkgFail    1.2462e+03    1.2462e+03 (+7.08e+01,-6.89e+01)  <none>
              NbkgPass    1.3484e+02    1.3484e+02 (+3.22e+01,-3.13e+01)  <none>
                  Nsig    5.8029e+03    5.8030e+03 (+9.49e+01,-9.51e+01)  <none>
            alfaFail_4    1.9995e+02    1.9995e+02 (+1.17e+02,-1.95e+02)  <none>
            betaFail_4    1.3289e-02    1.3287e-02 (+6.44e-03,-1.33e-02)  <none>
                   eff    6.4229e-01    6.4229e-01 (+9.41e-03,-9.23e-03)  <none>
           gammaFail_4    5.7115e-02    5.7107e-02 (+4.08e-02,-1.96e-02)  <none>
            meanFail_4    1.5424e-01    1.5423e-01         +/-  9.03e-01  <none>
            meanPass_4    2.2881e-02    2.2881e-02 (+2.87e-01,-4.32e-02)  <none>
           sigmaFail_4    2.2908e-01    2.2909e-01         +/-  6.27e-01  <none>
           sigmaPass_4    1.2680e-01    1.2680e-01 (+3.82e-01,-1.19e-01)  <none>
               tPass_4   -5.0960e-02   -5.0960e-02 (+1.31e-02,-1.63e-02)  <none>


  Correlation Matrix
 --------------------
   1.0000   0.0014  -0.3967  -0.1500   0.2423   0.4941   0.0184  -0.0009  -0.0225  -0.0129  -0.0228   0.0012
   0.0014   1.0000  -0.2886  -0.0104   0.0073  -0.1989  -0.0081  -0.0014  -0.0017  -0.0014  -0.0106   0.4078
  -0.3967  -0.2886   1.0000   0.0978  -0.1539  -0.2412  -0.0079   0.0008   0.0137   0.0082   0.0169  -0.1367
  -0.1500  -0.0104   0.0978   1.0000  -0.7221  -0.1132   0.7632   0.0410   0.1553   0.0473   0.1571  -0.0087
   0.2423   0.0073  -0.1539  -0.7221   1.0000   0.1859  -0.1096  -0.0301  -0.1101  -0.0351  -0.1113   0.0060
   0.4941  -0.1989  -0.2412  -0.1132   0.1859   1.0000   0.0169  -0.0003  -0.0176  -0.0096  -0.0157  -0.0936
   0.0184  -0.0081  -0.0079   0.7632  -0.1096   0.0169   1.0000   0.0322   0.1204   0.0337   0.1218  -0.0069
  -0.0009  -0.0014   0.0008   0.0410  -0.0301  -0.0003   0.0322   1.0000  -0.0096   0.9885  -0.0095  -0.0013
  -0.0225  -0.0017   0.0137   0.1553  -0.1101  -0.0176   0.1204  -0.0096   1.0000  -0.0083   0.9893  -0.0077
  -0.0129  -0.0014   0.0082   0.0473  -0.0351  -0.0096   0.0337   0.9885  -0.0083   1.0000  -0.0082  -0.0014
  -0.0228  -0.0106   0.0169   0.1571  -0.1113  -0.0157   0.1218  -0.0095   0.9893  -0.0082   1.0000  -0.0052
   0.0012   0.4078  -0.1367  -0.0087   0.0060  -0.0936  -0.0069  -0.0013  -0.0077  -0.0014  -0.0052   1.0000
