
  RooFitResult: minimized FCN value: -2237.1, estimated distance to minimum: 0.000152758
                covariance matrix quality: Full matrix, but forced positive-definite
                Status : MINIMIZE=0 HESSE=0 MINOS=0 

    Constant Parameter    Value     
  --------------------  ------------
           peakFail_24    9.1188e+01

    Floating Parameter  InitialValue    FinalValue +/-  Error     GblCorr.
  --------------------  ------------  --------------------------  --------
              NbkgFail    1.3339e+02    1.3339e+02 +/-  1.85e+01  <none>
              NbkgPass    1.3082e+01    1.3073e+01 +/-  1.13e+01  <none>
                  Nsig    1.2015e+03    1.2015e+03 +/-  3.90e+01  <none>
           alfaFail_24    1.9871e+02    1.9871e+02 +/-  1.55e+02  <none>
           betaFail_24    1.5681e-02    1.5681e-02 +/-  8.84e-03  <none>
                   eff    8.4719e-01    8.4719e-01 +/-  1.46e-02  <none>
          gammaFail_24    5.0077e-02    5.0080e-02 +/-  6.48e-02  <none>
           meanFail_24    2.6499e-02    2.6499e-02 +/-  8.13e-01  <none>
           meanPass_24    3.5936e-01    3.5937e-01 +/-  1.41e-01  <none>
          sigmaFail_24    9.8874e-02    9.8873e-02 +/-  4.11e+00  <none>
          sigmaPass_24    7.9797e-01    7.9799e-01 +/-  2.81e-01  <none>
              tPass_24   -4.9587e-08   -1.5197e-08 +/-  1.74e-02  <none>


  Correlation Matrix
 --------------------
   1.0000  -0.0001  -0.2897  -0.0779   0.3072   0.5460   0.2150  -0.0047  -0.0000  -0.0042  -0.0000  -0.0000
  -0.0001   1.0000  -0.2607   0.0005  -0.0002  -0.0887   0.0002   0.0007   0.0259   0.0007  -0.0629   0.0005
  -0.2897  -0.2607   1.0000   0.0363  -0.1454  -0.2330  -0.1022   0.0028  -0.0075   0.0026   0.0183  -0.0001
  -0.0779   0.0005   0.0363   1.0000  -0.3646  -0.0694   0.5028   0.0127   0.0004   0.0143   0.0004  -0.0000
   0.3072  -0.0002  -0.1454  -0.3646   1.0000   0.2744   0.6172  -0.0138  -0.0002  -0.0169  -0.0001   0.0000
   0.5460  -0.0887  -0.2330  -0.0694   0.2744   1.0000   0.1921  -0.0043  -0.0026  -0.0038   0.0062  -0.0000
   0.2150   0.0002  -0.1022   0.5028   0.6172   0.1921   1.0000  -0.0017   0.0002  -0.0043   0.0002   0.0000
  -0.0047   0.0007   0.0028   0.0127  -0.0138  -0.0043  -0.0017   1.0000   0.0011   0.9968   0.0011  -0.0001
  -0.0000   0.0259  -0.0075   0.0004  -0.0002  -0.0026   0.0002   0.0011   1.0000   0.0011   0.1588  -0.0000
  -0.0042   0.0007   0.0026   0.0143  -0.0169  -0.0038  -0.0043   0.9968   0.0011   1.0000   0.0011  -0.0001
  -0.0000  -0.0629   0.0183   0.0004  -0.0001   0.0062   0.0002   0.0011   0.1588   0.0011   1.0000  -0.0000
  -0.0000   0.0005  -0.0001  -0.0000   0.0000  -0.0000   0.0000  -0.0001  -0.0000  -0.0001  -0.0000   1.0000
