
  RooFitResult: minimized FCN value: -7845.38, estimated distance to minimum: 3.11109e-05
                covariance matrix quality: Full matrix, but forced positive-definite
                Status : MINIMIZE=0 HESSE=0 MINOS=0 

    Constant Parameter    Value     
  --------------------  ------------
            peakFail_0    9.1188e+01

    Floating Parameter  InitialValue    FinalValue (+HiError,-LoError)    GblCorr.
  --------------------  ------------  ----------------------------------  --------
              NbkgFail    5.7193e+02    5.7193e+02         +/-  4.08e+01  <none>
              NbkgPass    2.3765e+01    2.3748e+01         +/-  1.49e+01  <none>
                  Nsig    2.7623e+03    2.7623e+03         +/-  6.33e+01  <none>
            alfaFail_0    1.9998e+02    1.9998e+02         +/-  1.83e+02  <none>
            betaFail_0    1.0998e-02    1.0997e-02         +/-  5.89e-03  <none>
                   eff    7.3063e-01    7.3064e-01 (+1.39e-02,-1.37e-02)  <none>
           gammaFail_0    4.3760e-02    4.3756e-02         +/-  3.92e-02  <none>
            meanFail_0   -1.5064e-01   -1.5042e-01         +/-  8.56e-01  <none>
            meanPass_0   -1.6648e-04   -1.7145e-04         +/-  7.01e-03  <none>
           sigmaFail_0    3.9858e-01    3.9834e-01         +/-  1.08e+00  <none>
           sigmaPass_0    7.3781e-02    7.5306e-02         +/-  4.53e+00  <none>
               tPass_0   -5.8671e-09   -5.6399e-14         +/-  2.47e-02  <none>


  Correlation Matrix
 --------------------
   1.0000  -0.0003  -0.4232  -0.3612   0.3913   0.5823   0.3982   0.0680   0.0001  -0.0735  -0.0000   0.0000
  -0.0003   1.0000  -0.2085   0.0002  -0.0002  -0.1060  -0.0002  -0.0001  -0.0131   0.0001  -0.0124   0.0011
  -0.4232  -0.2085   1.0000   0.2316  -0.2508  -0.3488  -0.2553  -0.0432   0.0030   0.0467   0.0029  -0.0003
  -0.3612   0.0002   0.2316   1.0000  -0.8460  -0.3187  -0.9119  -0.0332  -0.0001   0.0441   0.0001  -0.0000
   0.3913  -0.0002  -0.2508  -0.8460   1.0000   0.3452   0.9869   0.0362   0.0001  -0.0477  -0.0001   0.0000
   0.5823  -0.1060  -0.3488  -0.3187   0.3452   1.0000   0.3513   0.0597   0.0016  -0.0646   0.0015  -0.0001
   0.3982  -0.0002  -0.2553  -0.9119   0.9869   0.3513   1.0000   0.0395   0.0001  -0.0481  -0.0001   0.0000
   0.0680  -0.0001  -0.0432  -0.0332   0.0362   0.0597   0.0395   1.0000   0.0001  -0.9786  -0.0001   0.0000
   0.0001  -0.0131   0.0030  -0.0001   0.0001   0.0016   0.0001   0.0001   1.0000  -0.0001  -0.9555   0.0000
  -0.0735   0.0001   0.0467   0.0441  -0.0477  -0.0646  -0.0481  -0.9786  -0.0001   1.0000   0.0001  -0.0000
  -0.0000  -0.0124   0.0029   0.0001  -0.0001   0.0015  -0.0001  -0.0001  -0.9555   0.0001   1.0000   0.0001
   0.0000   0.0011  -0.0003  -0.0000   0.0000  -0.0001   0.0000   0.0000   0.0000  -0.0000   0.0001   1.0000
