
  RooFitResult: minimized FCN value: -7098.9, estimated distance to minimum: 8.25956e-05
                covariance matrix quality: Full matrix, but forced positive-definite
                Status : MINIMIZE=0 HESSE=0 MINOS=0 

    Constant Parameter    Value     
  --------------------  ------------
           peakFail_11    9.1188e+01

    Floating Parameter  InitialValue    FinalValue (+HiError,-LoError)    GblCorr.
  --------------------  ------------  ----------------------------------  --------
              NbkgFail    5.7378e+02    5.7384e+02 (+5.19e+01,-4.99e+01)  <none>
              NbkgPass    2.2549e+01    2.2548e+01 (+1.79e+01,-1.41e+01)  <none>
                  Nsig    2.5437e+03    2.5436e+03 (+6.88e+01,-6.25e+01)  <none>
           alfaFail_11    1.9996e+02    1.9996e+02 (+4.26e-02,-1.79e+02)  <none>
           betaFail_11    1.9333e-02    1.9350e-02 (+3.00e-03,-1.00e-02)  <none>
                   eff    7.0899e-01    7.0901e-01 (+1.57e-02,-1.53e-02)  <none>
          gammaFail_11    9.8873e-02    9.9018e-02         +/-  2.75e-02  <none>
           meanFail_11    2.5793e-01    2.5789e-01 (+2.64e-01,-2.82e-01)  <none>
           meanPass_11    9.5268e-02    9.5208e-02 (+2.19e-01,-2.40e-01)  <none>
          sigmaFail_11    5.5903e-01    5.5878e-01 (+6.51e-01,-5.02e-01)  <none>
          sigmaPass_11    2.6739e-01    2.6731e-01 (+2.47e-01,-3.33e-01)  <none>
              tPass_11   -1.7283e-07   -8.7265e-08 (+4.50e-02,-2.69e-02)  <none>


  Correlation Matrix
 --------------------
   1.0000  -0.0004  -0.4293  -0.2015   0.2748   0.5711  -0.0425  -0.0392  -0.0005  -0.1264  -0.0005  -0.0000
  -0.0004   1.0000  -0.2028   0.0006  -0.0005  -0.1111   0.0005   0.0000  -0.0071   0.0001   0.0070   0.0094
  -0.4293  -0.2028   1.0000   0.1327  -0.1809  -0.3505   0.0280   0.0258   0.0019   0.0832  -0.0013  -0.0022
  -0.2015   0.0006   0.1327   1.0000  -0.7768  -0.1764   0.8024   0.0021   0.0026   0.0603   0.0026   0.0000
   0.2748  -0.0005  -0.1809  -0.7768   1.0000   0.2405  -0.2537  -0.0360  -0.0020  -0.0967  -0.0020  -0.0000
   0.5711  -0.1111  -0.3505  -0.1764   0.2405   1.0000  -0.0372  -0.0343   0.0004  -0.1106  -0.0013  -0.0012
  -0.0425   0.0005   0.0280   0.8024  -0.2537  -0.0372   1.0000  -0.0035   0.0021   0.0110   0.0021   0.0000
  -0.0392   0.0000   0.0258   0.0021  -0.0360  -0.0343  -0.0035   1.0000   0.0000   0.4755   0.0000   0.0000
  -0.0005  -0.0071   0.0019   0.0026  -0.0020   0.0004   0.0021   0.0000   1.0000   0.0002   0.9848   0.0002
  -0.1264   0.0001   0.0832   0.0603  -0.0967  -0.1106   0.0110   0.4755   0.0002   1.0000   0.0002   0.0000
  -0.0005   0.0070  -0.0013   0.0026  -0.0020  -0.0013   0.0021   0.0000   0.9848   0.0002   1.0000  -0.0001
  -0.0000   0.0094  -0.0022   0.0000  -0.0000  -0.0012   0.0000   0.0000   0.0002   0.0000  -0.0001   1.0000
