
  RooFitResult: minimized FCN value: -28612.6, estimated distance to minimum: 1.16739e-05
                covariance matrix quality: Full matrix, but forced positive-definite
                Status : MINIMIZE=0 HESSE=0 MINOS=0 

    Constant Parameter    Value     
  --------------------  ------------
           peakFail_22    9.1188e+01

    Floating Parameter  InitialValue    FinalValue (+HiError,-LoError)    GblCorr.
  --------------------  ------------  ----------------------------------  --------
              NbkgFail    4.0288e+02    4.0288e+02         +/-  4.37e+01  <none>
              NbkgPass    5.5508e+00    5.5109e+00         +/-  1.85e+01  <none>
                  Nsig    7.3796e+03    7.3796e+03         +/-  9.44e+01  <none>
           alfaFail_22    2.0000e+02    2.0000e+02         +/-  1.51e+02  <none>
           betaFail_22    1.9502e-02    1.9502e-02         +/-  3.28e-03  <none>
                   eff    8.2463e-01    8.2464e-01 (+6.07e-03,-5.99e-03)  <none>
          gammaFail_22    8.2471e-02    8.2471e-02         +/-  5.29e-02  <none>
           meanFail_22    5.2983e-01    5.2983e-01         +/-  1.49e-01  <none>
           meanPass_22    8.3949e-01    8.3949e-01         +/-  2.02e-01  <none>
          sigmaFail_22    8.0976e-01    8.0976e-01         +/-  3.13e-01  <none>
          sigmaPass_22    2.3829e-01    2.3829e-01         +/-  1.50e-01  <none>
              tPass_22   -1.0476e-08   -3.7706e-08         +/-  3.09e-02  <none>


  Correlation Matrix
 --------------------
   1.0000  -0.0003  -0.3611  -0.6835   0.6452   0.6234   0.6881  -0.0528   0.0009  -0.2636  -0.0008   0.0000
  -0.0003   1.0000  -0.1863   0.0002  -0.0002  -0.0687  -0.0002   0.0000  -0.0065   0.0001  -0.0029  -0.0040
  -0.3611  -0.1863   1.0000   0.3112  -0.2938  -0.2709  -0.3133   0.0240   0.0008   0.1201   0.0009   0.0008
  -0.6835   0.0002   0.3112   1.0000  -0.8832  -0.5374  -0.9681   0.0856  -0.0012   0.2273   0.0011  -0.0000
   0.6452  -0.0002  -0.2938  -0.8832   1.0000   0.5072   0.9681  -0.0916   0.0014  -0.2202  -0.0012   0.0000
   0.6234  -0.0687  -0.2709  -0.5374   0.5072   1.0000   0.5410  -0.0415   0.0011  -0.2072  -0.0004   0.0003
   0.6881  -0.0002  -0.3133  -0.9681   0.9681   0.5410   1.0000  -0.0785   0.0013  -0.2319  -0.0012   0.0000
  -0.0528   0.0000   0.0240   0.0856  -0.0916  -0.0415  -0.0785   1.0000  -0.0001   0.0252   0.0001  -0.0000
   0.0009  -0.0065   0.0008  -0.0012   0.0014   0.0011   0.0013  -0.0001   1.0000  -0.0003  -0.9641  -0.0000
  -0.2636   0.0001   0.1201   0.2273  -0.2202  -0.2072  -0.2319   0.0252  -0.0003   1.0000   0.0003   0.0000
  -0.0008  -0.0029   0.0009   0.0011  -0.0012  -0.0004  -0.0012   0.0001  -0.9641   0.0003   1.0000   0.0001
   0.0000  -0.0040   0.0008  -0.0000   0.0000   0.0003   0.0000  -0.0000  -0.0000   0.0000   0.0001   1.0000
