
  RooFitResult: minimized FCN value: -14161.7, estimated distance to minimum: 1.03643e-05
                covariance matrix quality: Full matrix, but forced positive-definite
                Status : MINIMIZE=0 HESSE=0 MINOS=0 

    Constant Parameter    Value     
  --------------------  ------------
           peakFail_23    9.1188e+01

    Floating Parameter  InitialValue    FinalValue (+HiError,-LoError)    GblCorr.
  --------------------  ------------  ----------------------------------  --------
              NbkgFail    2.4394e+02    2.4393e+02         +/-  1.08e+02  <none>
              NbkgPass    2.3659e+01    2.3658e+01         +/-  1.79e+01  <none>
                  Nsig    4.2854e+03    4.2854e+03         +/-  1.27e+02  <none>
           alfaFail_23    2.0000e+02    2.0000e+02         +/-  1.82e+02  <none>
           betaFail_23    6.1016e-03    6.1050e-03         +/-  1.95e-02  <none>
                   eff    8.2054e-01    8.2054e-01 (+6.77e-03,--0.00e+00)  <none>
          gammaFail_23    9.2391e-10    1.0026e-06         +/-  1.16e-01  <none>
           meanFail_23    8.8623e-01    8.8621e-01         +/-  7.05e-01  <none>
           meanPass_23    5.9243e-04    5.9243e-04         +/-  1.43e-03  <none>
          sigmaFail_23    2.6188e-01    2.6182e-01         +/-  7.42e-01  <none>
          sigmaPass_23    2.1010e-02    2.1010e-02         +/-  2.53e-02  <none>
              tPass_23   -4.0320e-08   -4.0003e-08         +/-  1.48e-02  <none>


  Correlation Matrix
 --------------------
   1.0000  -0.0010  -0.8395   0.0103  -0.9753   0.9520  -0.9767  -0.0194   0.0283  -0.0228   0.0281  -0.0000
  -0.0010   1.0000  -0.1287  -0.0000   0.0010  -0.0331   0.0010  -0.0001   0.0017   0.0001  -0.0020   0.0002
  -0.8395  -0.1287   1.0000  -0.0088   0.8357  -0.8112   0.8369   0.0165  -0.0208   0.0197  -0.0202   0.0000
   0.0103  -0.0000  -0.0088   1.0000  -0.0089   0.0100  -0.0104  -0.0001   0.0002  -0.0003   0.0002  -0.0000
  -0.9753   0.0010   0.8357  -0.0089   1.0000  -0.9477   0.9973   0.0184  -0.0292   0.0223  -0.0291   0.0000
   0.9520  -0.0331  -0.8112   0.0100  -0.9477   1.0000  -0.9491  -0.0188   0.0277  -0.0222   0.0277  -0.0001
  -0.9767   0.0010   0.8369  -0.0104   0.9973  -0.9491   1.0000   0.0194  -0.0291   0.0230  -0.0289   0.0000
  -0.0194  -0.0001   0.0165  -0.0001   0.0184  -0.0188   0.0194   1.0000   0.0064  -0.9907   0.0064  -0.0000
   0.0283   0.0017  -0.0208   0.0002  -0.0292   0.0277  -0.0291   0.0064   1.0000  -0.0076   0.9914   0.0004
  -0.0228   0.0001   0.0197  -0.0003   0.0223  -0.0222   0.0230  -0.9907  -0.0076   1.0000  -0.0076   0.0000
   0.0281  -0.0020  -0.0202   0.0002  -0.0291   0.0277  -0.0289   0.0064   0.9914  -0.0076   1.0000   0.0004
  -0.0000   0.0002   0.0000  -0.0000   0.0000  -0.0001   0.0000  -0.0000   0.0004   0.0000   0.0004   1.0000
