
  RooFitResult: minimized FCN value: -66579.5, estimated distance to minimum: 0.000507726
                covariance matrix quality: Full matrix, but forced positive-definite
                Status : MINIMIZE=0 HESSE=0 MINOS=0 

    Constant Parameter    Value     
  --------------------  ------------
           peakFail_17    9.1188e+01

    Floating Parameter  InitialValue    FinalValue (+HiError,-LoError)    GblCorr.
  --------------------  ------------  ----------------------------------  --------
              NbkgFail    6.2947e+02    6.2946e+02         +/-  3.83e+01  <none>
              NbkgPass    5.5037e+00    5.5037e+00         +/-  1.52e+01  <none>
                  Nsig    1.4310e+04    1.4310e+04         +/-  1.24e+02  <none>
           alfaFail_17    1.9998e+02    2.0000e+02         +/-  1.80e+02  <none>
           betaFail_17    3.1583e-03    3.1612e-03         +/-  1.31e-03  <none>
                   eff    8.0772e-01    8.0772e-01 (+3.68e-03,-3.70e-03)  <none>
          gammaFail_17    5.2418e-08    5.5489e-08         +/-  4.11e-02  <none>
           meanFail_17    8.7824e-01    8.7824e-01         +/-  3.10e-01  <none>
           meanPass_17    9.9916e-01    9.9916e-01         +/-  2.85e-03  <none>
          sigmaFail_17    2.9395e-01    2.9395e-01         +/-  3.68e-01  <none>
          sigmaPass_17    1.6546e-02    1.6546e-02         +/-  2.81e-02  <none>
              tPass_17   -5.7562e-02   -5.7562e-02         +/-  1.04e-01  <none>


  Correlation Matrix
 --------------------
   1.0000  -0.0003  -0.1773   0.0001  -0.0275   0.3366   0.0007  -0.0026  -0.0135  -0.0004   0.0135  -0.0002
  -0.0003   1.0000  -0.1179   0.0006   0.0005  -0.0542  -0.0000   0.0002   0.0093  -0.0002  -0.0069   0.4284
  -0.1773  -0.1179   1.0000  -0.0001   0.0048  -0.0975  -0.0001   0.0067   0.0656  -0.0058  -0.0661  -0.0515
   0.0001   0.0006  -0.0001   1.0000   0.0074   0.0000   0.0000   0.0025   0.0143  -0.0025  -0.0144   0.0004
  -0.0275   0.0005   0.0048   0.0074   1.0000  -0.0163   0.0397  -0.0053   0.0007  -0.0096  -0.0007   0.0002
   0.3366  -0.0542  -0.0975   0.0000  -0.0163   1.0000   0.0004  -0.0015  -0.0079  -0.0003   0.0078  -0.0238
   0.0007  -0.0000  -0.0001   0.0000   0.0397   0.0004   1.0000   0.0014   0.0000  -0.0014  -0.0000  -0.0000
  -0.0026   0.0002   0.0067   0.0025  -0.0053  -0.0015   0.0014   1.0000   0.0244  -0.9908  -0.0245   0.0003
  -0.0135   0.0093   0.0656   0.0143   0.0007  -0.0079   0.0000   0.0244   1.0000  -0.0246  -0.9980   0.0050
  -0.0004  -0.0002  -0.0058  -0.0025  -0.0096  -0.0003  -0.0014  -0.9908  -0.0246   1.0000   0.0246  -0.0003
   0.0135  -0.0069  -0.0661  -0.0144  -0.0007   0.0078  -0.0000  -0.0245  -0.9980   0.0246   1.0000  -0.0052
  -0.0002   0.4284  -0.0515   0.0004   0.0002  -0.0238  -0.0000   0.0003   0.0050  -0.0003  -0.0052   1.0000
