
  RooFitResult: minimized FCN value: -63888.8, estimated distance to minimum: 0.0134778
                covariance matrix quality: Full matrix, but forced positive-definite
                Status : MINIMIZE=-1 HESSE=4 MINOS=4 

    Constant Parameter    Value     
  --------------------  ------------
           peakFail_19    9.1188e+01

    Floating Parameter  InitialValue    FinalValue +/-  Error     GblCorr.
  --------------------  ------------  --------------------------  --------
              NbkgFail    6.3277e+02    6.3277e+02 +/-  2.05e+00  <none>
              NbkgPass    9.1298e+00    9.1221e+00 +/-  2.23e+01  <none>
                  Nsig    1.3807e+04    1.3807e+04 +/-  9.92e+00  <none>
           alfaFail_19    1.9993e+02    1.9992e+02 +/-  5.29e-02  <none>
           betaFail_19    1.6442e-02    1.6442e-02 +/-  3.20e-05  <none>
                   eff    8.2471e-01    8.2471e-01 +/-  2.03e-04  <none>
          gammaFail_19    6.0771e-02    6.0771e-02 +/-  2.30e-04  <none>
           meanFail_19    5.2287e-01    5.2291e-01 +/-  7.59e-03  <none>
           meanPass_19    3.7963e-02    3.7963e-02 +/-  3.82e-04  <none>
          sigmaFail_19    3.0563e-03    2.9919e-03 +/-  9.12e-01  <none>
          sigmaPass_19    1.2255e-01    1.2255e-01 +/-  6.16e-04  <none>
              tPass_19   -2.4321e-02   -2.4322e-02 +/-  4.72e-03  <none>


  Correlation Matrix
 --------------------
   1.0000  -0.0030  -0.0025   0.0000  -0.0023   0.0004  -0.0020  -0.0030  -0.0000  -0.0030   0.0000  -0.0001
  -0.0030   1.0000   0.7216   0.0059   0.7289   0.2310   0.7108   0.9986   0.0050   0.9948  -0.0050   0.0334
  -0.0025   0.7216   1.0000   0.0043   0.5274   0.1670   0.5143   0.7226   0.0036   0.7198  -0.0036   0.0241
   0.0000   0.0059   0.0043   1.0000   0.0060   0.0014   0.0022   0.0059   0.0000   0.0059  -0.0000   0.0002
  -0.0023   0.7289   0.5274   0.0060   1.0000   0.1688   0.5211   0.7299   0.0037   0.7270  -0.0037   0.0244
   0.0004   0.2310   0.1670   0.0014   0.1688   1.0000   0.1647   0.2313   0.0012   0.2304  -0.0012   0.0077
  -0.0020   0.7108   0.5143   0.0022   0.5211   0.1647   1.0000   0.7118   0.0036   0.7090  -0.0036   0.0237
  -0.0030   0.9986   0.7226   0.0059   0.7299   0.2313   0.7118   1.0000   0.0050   0.9961  -0.0050   0.0334
  -0.0000   0.0050   0.0036   0.0000   0.0037   0.0012   0.0036   0.0050   1.0000   0.0050   0.0033  -0.0001
  -0.0030   0.9948   0.7198   0.0059   0.7270   0.2304   0.7090   0.9961   0.0050   1.0000  -0.0050   0.0332
   0.0000  -0.0050  -0.0036  -0.0000  -0.0037  -0.0012  -0.0036  -0.0050   0.0033  -0.0050   1.0000   0.0001
  -0.0001   0.0334   0.0241   0.0002   0.0244   0.0077   0.0237   0.0334  -0.0001   0.0332   0.0001   1.0000
