
  RooFitResult: minimized FCN value: -11170.1, estimated distance to minimum: 0.000988862
                covariance matrix quality: Full, accurate covariance matrix
                Status : MINIMIZE=0 HESSE=0 MINOS=0 

    Constant Parameter    Value     
  --------------------  ------------
           peakFail_29    9.1188e+01

    Floating Parameter  InitialValue    FinalValue (+HiError,-LoError)    GblCorr.
  --------------------  ------------  ----------------------------------  --------
              NbkgFail    3.3903e+02    3.3903e+02         +/-  3.35e+01  <none>
              NbkgPass    3.8787e+01    3.8681e+01         +/-  1.83e+01  <none>
                  Nsig    3.4932e+03    3.4933e+03         +/-  6.76e+01  <none>
           alfaFail_29    1.9674e+02    1.9674e+02         +/-  1.90e+02  <none>
           betaFail_29    1.5015e-02    1.5015e-02         +/-  1.23e-02  <none>
                   eff    8.3311e-01    8.3312e-01 (+9.08e-03,--0.00e+00)  <none>
          gammaFail_29    3.7773e-02    3.7773e-02         +/-  1.04e-01  <none>
           meanFail_29    6.9285e-01    6.9285e-01         +/-  1.86e-01  <none>
           meanPass_29    9.9787e-01    9.9787e-01         +/-  2.30e-02  <none>
          sigmaFail_29    6.4851e-01    6.4851e-01         +/-  3.43e-01  <none>
          sigmaPass_29    4.8278e-02    4.8279e-02         +/-  3.41e-01  <none>
              tPass_29   -1.2129e-08   -3.0952e-07         +/-  7.11e-03  <none>


  Correlation Matrix
 --------------------
   1.0000   0.0000  -0.3462  -0.0026   0.5532   0.6053   0.4019  -0.0628  -0.0002  -0.2419   0.0002  -0.0000
   0.0000   1.0000  -0.2399   0.0000  -0.0000  -0.0840   0.0000  -0.0000   0.0001  -0.0000   0.0000  -0.0007
  -0.3462  -0.2399   1.0000   0.0012  -0.2742  -0.2773  -0.1993   0.0311  -0.0001   0.1199   0.0000   0.0002
  -0.0026   0.0000   0.0012   1.0000  -0.1526  -0.0022   0.6945  -0.0014  -0.0050  -0.0006   0.0050  -0.0000
   0.5532  -0.0000  -0.2742  -0.1526   1.0000   0.4795   0.6042  -0.0527   0.0007  -0.2215  -0.0007   0.0000
   0.6053  -0.0840  -0.2773  -0.0022   0.4795   1.0000   0.3484  -0.0544  -0.0001  -0.2096   0.0001   0.0001
   0.4019   0.0000  -0.1993   0.6945   0.6042   0.3484   1.0000  -0.0356  -0.0035  -0.1628   0.0035  -0.0000
  -0.0628  -0.0000   0.0311  -0.0014  -0.0527  -0.0544  -0.0356   1.0000   0.0000   0.0049  -0.0000   0.0000
  -0.0002   0.0001  -0.0001  -0.0050   0.0007  -0.0001  -0.0035   0.0000   1.0000   0.0000  -0.9996   0.0000
  -0.2419  -0.0000   0.1199  -0.0006  -0.2215  -0.2096  -0.1628   0.0049   0.0000   1.0000  -0.0000   0.0000
   0.0002   0.0000   0.0000   0.0050  -0.0007   0.0001   0.0035  -0.0000  -0.9996  -0.0000   1.0000  -0.0000
  -0.0000  -0.0007   0.0002  -0.0000   0.0000   0.0001  -0.0000   0.0000   0.0000   0.0000  -0.0000   1.0000
