
  RooFitResult: minimized FCN value: -17271.1, estimated distance to minimum: 2.30027e-07
                covariance matrix quality: Full, accurate covariance matrix
                Status : MINIMIZE=0 HESSE=0 MINOS=0 

    Constant Parameter    Value     
  --------------------  ------------
            peakFail_3    9.1188e+01

    Floating Parameter  InitialValue    FinalValue (+HiError,-LoError)    GblCorr.
  --------------------  ------------  ----------------------------------  --------
              NbkgFail    1.0392e+03    1.0392e+03 (+7.47e+01,-7.31e+01)  <none>
              NbkgPass    3.4186e+01    3.4189e+01 (+2.28e+01,-1.96e+01)  <none>
                  Nsig    4.9416e+03    4.9416e+03 (+9.93e+01,-9.90e+01)  <none>
            alfaFail_3    1.9998e+02    1.9998e+02 (+1.54e-02,-1.42e+02)  <none>
            betaFail_3    2.2700e-02    2.2708e-02 (+4.52e-03,-5.03e-03)  <none>
                   eff    4.9899e-01    4.9899e-01 (+1.01e-02,-1.00e-02)  <none>
           gammaFail_3    1.3682e-01    1.3691e-01 (+5.05e-02,-5.46e-02)  <none>
            meanFail_3    2.0728e-01    2.0728e-01         +/-  1.25e-01  <none>
            meanPass_3    3.0968e-03    3.0966e-03 (+3.60e-01,-4.91e-02)  <none>
           sigmaFail_3    7.2741e-01    7.2734e-01         +/-  2.96e-01  <none>
           sigmaPass_3    4.4165e-02    4.4167e-02 (+5.10e-01,-6.55e-01)  <none>
               tPass_3   -7.6926e-02   -7.6922e-02 (+3.29e-02,-8.15e-02)  <none>


  Correlation Matrix
 --------------------
   1.0000  -0.0001  -0.6074   0.0071   0.6618   0.6067   0.6226   0.0244   0.0048  -0.2944   0.0048  -0.0003
  -0.0001   1.0000  -0.2005  -0.0050  -0.0000  -0.2012  -0.0019   0.0000   0.0007   0.0000  -0.0012   0.5350
  -0.6074  -0.2005   1.0000  -0.0050  -0.4953  -0.4105  -0.4658  -0.0183  -0.0038   0.2203  -0.0034  -0.1157
   0.0071  -0.0050  -0.0050   1.0000  -0.0236   0.0061   0.3518  -0.0030  -0.0322  -0.0031  -0.0322  -0.0089
   0.6618  -0.0000  -0.4953  -0.0236   1.0000   0.4948   0.9265  -0.0084   0.0084  -0.2890   0.0084  -0.0001
   0.6067  -0.2012  -0.4105   0.0061   0.4948   1.0000   0.4658   0.0182   0.0034  -0.2201   0.0038  -0.1164
   0.6226  -0.0019  -0.4658   0.3518   0.9265   0.4658   1.0000   0.0011  -0.0042  -0.2694  -0.0042  -0.0035
   0.0244   0.0000  -0.0183  -0.0030  -0.0084   0.0182   0.0011   1.0000   0.0001   0.0522   0.0001  -0.0000
   0.0048   0.0007  -0.0038  -0.0322   0.0084   0.0034  -0.0042   0.0001   1.0000  -0.0020   0.9997  -0.0007
  -0.2944   0.0000   0.2203  -0.0031  -0.2890  -0.2201  -0.2694   0.0522  -0.0020   1.0000  -0.0020   0.0001
   0.0048  -0.0012  -0.0034  -0.0322   0.0084   0.0038  -0.0042   0.0001   0.9997  -0.0020   1.0000  -0.0011
  -0.0003   0.5350  -0.1157  -0.0089  -0.0001  -0.1164  -0.0035  -0.0000  -0.0007   0.0001  -0.0011   1.0000
