
  RooFitResult: minimized FCN value: -4721.25, estimated distance to minimum: 0.000721819
                covariance matrix quality: Full, accurate covariance matrix
                Status : MINIMIZE=0 HESSE=0 MINOS=0 

    Constant Parameter    Value     
  --------------------  ------------
           peakFail_25    9.1188e+01

    Floating Parameter  InitialValue    FinalValue (+HiError,-LoError)    GblCorr.
  --------------------  ------------  ----------------------------------  --------
              NbkgFail    2.5277e+02    2.5282e+02         +/-  2.72e+01  <none>
              NbkgPass    1.7315e+01    1.7313e+01         +/-  1.50e+01  <none>
                  Nsig    1.8969e+03    1.8969e+03         +/-  5.09e+01  <none>
           alfaFail_25    1.9062e+02    1.9109e+02         +/-  1.71e+02  <none>
           betaFail_25    3.4502e-02    3.4465e-02         +/-  5.53e-03  <none>
                   eff    8.8285e-01    8.8287e-01 (+1.27e-02,-1.27e-02)  <none>
          gammaFail_25    2.3062e-01    2.3128e-01         +/-  1.71e-01  <none>
           meanFail_25    1.3087e+00    1.2157e+00         +/-  2.26e-01  <none>
           meanPass_25    9.3488e-01    9.3774e-01         +/-  3.53e-01  <none>
          sigmaFail_25    3.7123e-02    1.3476e-01         +/-  3.96e-01  <none>
          sigmaPass_25    3.7132e-01    3.6273e-01         +/-  9.37e-01  <none>
              tPass_25   -9.5367e-07   -3.5658e-09         +/-  8.36e-03  <none>


  Correlation Matrix
 --------------------
   1.0000   0.0000  -0.3526   0.0064   0.4589   0.6582   0.2058   0.0116  -0.0000  -0.0487   0.0000   0.0000
   0.0000   1.0000  -0.2725   0.0002   0.0000  -0.0675   0.0002  -0.0000   0.0274   0.0000  -0.0241  -0.0003
  -0.3526  -0.2725   1.0000  -0.0034  -0.2454  -0.3321  -0.1100  -0.0062  -0.0081   0.0260   0.0071   0.0001
   0.0064   0.0002  -0.0034   1.0000  -0.1052   0.0064   0.9023  -0.0007   0.0000   0.0028  -0.0000   0.0000
   0.4589   0.0000  -0.2454  -0.1052   1.0000   0.4582   0.3329  -0.0013  -0.0000   0.0054   0.0000   0.0000
   0.6582  -0.0675  -0.3321   0.0064   0.4582   1.0000   0.2054   0.0116  -0.0020  -0.0486   0.0018   0.0000
   0.2058   0.0002  -0.1100   0.9023   0.3329   0.2054   1.0000  -0.0003   0.0000   0.0011   0.0000   0.0000
   0.0116  -0.0000  -0.0062  -0.0007  -0.0013   0.0116  -0.0003   1.0000  -0.0000  -0.2385   0.0000  -0.0000
  -0.0000   0.0274  -0.0081   0.0000  -0.0000  -0.0020   0.0000  -0.0000   1.0000   0.0000  -0.9871   0.0000
  -0.0487   0.0000   0.0260   0.0028   0.0054  -0.0486   0.0011  -0.2385   0.0000   1.0000  -0.0000   0.0000
   0.0000  -0.0241   0.0071  -0.0000   0.0000   0.0018   0.0000   0.0000  -0.9871  -0.0000   1.0000  -0.0000
   0.0000  -0.0003   0.0001   0.0000   0.0000   0.0000   0.0000  -0.0000   0.0000   0.0000  -0.0000   1.0000
