
  RooFitResult: minimized FCN value: -28267.5, estimated distance to minimum: 0.000434012
                covariance matrix quality: Full matrix, but forced positive-definite
                Status : MINIMIZE=0 HESSE=0 MINOS=0 

    Constant Parameter    Value     
  --------------------  ------------
           peakFail_13    9.1188e+01

    Floating Parameter  InitialValue    FinalValue (+HiError,-LoError)    GblCorr.
  --------------------  ------------  ----------------------------------  --------
              NbkgFail    4.3238e+02    4.3238e+02         +/-  3.17e+01  <none>
              NbkgPass    1.0166e-02    1.0069e-02         +/-  7.77e+00  <none>
                  Nsig    7.3586e+03    7.3586e+03         +/-  8.48e+01  <none>
           alfaFail_13    1.9997e+02    1.9997e+02         +/-  9.78e+01  <none>
           betaFail_13    1.6344e-02    1.6344e-02         +/-  3.46e-03  <none>
                   eff    8.1102e-01    8.1102e-01 (+1.87e-03,-1.12e-02)  <none>
          gammaFail_13    6.3561e-02    6.3561e-02         +/-  2.60e-02  <none>
           meanFail_13    6.2150e-01    6.2150e-01         +/-  1.41e-01  <none>
           meanPass_13    5.5893e-01    5.5893e-01         +/-  1.68e-01  <none>
          sigmaFail_13    8.7739e-01    8.7739e-01         +/-  3.64e-01  <none>
          sigmaPass_13    3.7941e-01    3.7942e-01         +/-  1.97e-01  <none>
              tPass_13   -6.1622e-04   -9.0419e-05         +/-  5.78e-01  <none>


  Correlation Matrix
 --------------------
   1.0000   0.0000  -0.2117  -0.2112   0.2217   0.3934  -0.1817   0.0571  -0.0002  -0.1967   0.0003   0.0000
   0.0000   1.0000  -0.0007  -0.0000   0.0000  -0.0003  -0.0000   0.0000   0.0002  -0.0000  -0.0005  -0.1089
  -0.2117  -0.0007   1.0000   0.0781  -0.0817  -0.1406   0.0675  -0.0208   0.0002   0.0703  -0.0002   0.0002
  -0.2112  -0.0000   0.0781   1.0000  -0.9579  -0.1413   0.9600  -0.1657   0.0010   0.1016  -0.0018  -0.0000
   0.2217   0.0000  -0.0817  -0.9579   1.0000   0.1482  -0.8475   0.1483  -0.0008  -0.1031   0.0016   0.0000
   0.3934  -0.0003  -0.1406  -0.1413   0.1482   1.0000  -0.1217   0.0381  -0.0001  -0.1307   0.0002   0.0001
  -0.1817  -0.0000   0.0675   0.9600  -0.8475  -0.1217   1.0000  -0.1465   0.0010   0.0866  -0.0019  -0.0000
   0.0571   0.0000  -0.0208  -0.1657   0.1483   0.0381  -0.1465   1.0000  -0.0001  -0.1003   0.0002   0.0000
  -0.0002   0.0002   0.0002   0.0010  -0.0008  -0.0001   0.0010  -0.0001   1.0000   0.0001  -0.7360   0.0006
  -0.1967  -0.0000   0.0703   0.1016  -0.1031  -0.1307   0.0866  -0.1003   0.0001   1.0000  -0.0002  -0.0000
   0.0003  -0.0005  -0.0002  -0.0018   0.0016   0.0002  -0.0019   0.0002  -0.7360  -0.0002   1.0000   0.0006
   0.0000  -0.1089   0.0002  -0.0000   0.0000   0.0001  -0.0000   0.0000   0.0006  -0.0000   0.0006   1.0000
