
  RooFitResult: minimized FCN value: -1020.84, estimated distance to minimum: 0.00218149
                covariance matrix quality: Full, accurate covariance matrix
                Status : MINIMIZE=0 HESSE=0 MINOS=0 

    Constant Parameter    Value     
  --------------------  ------------
            peakFail_9    9.1188e+01

    Floating Parameter  InitialValue    FinalValue (+HiError,-LoError)    GblCorr.
  --------------------  ------------  ----------------------------------  --------
              NbkgFail    1.7105e+02    1.7101e+02         +/-  5.94e+01  <none>
              NbkgPass    2.6393e+01    2.6393e+01         +/-  1.28e+01  <none>
                  Nsig    8.6556e+02    8.6559e+02         +/-  6.64e+01  <none>
            alfaFail_9    1.6897e+02    1.6913e+02         +/-  1.01e+02  <none>
            betaFail_9    2.3046e-02    2.3026e-02         +/-  2.25e-02  <none>
                   eff    4.7901e-01    4.7899e-01 (+0.00e+00,-3.14e-02)  <none>
           gammaFail_9    1.1721e-01    1.1718e-01         +/-  2.65e-01  <none>
            meanFail_9    1.6747e+00    1.6746e+00         +/-  6.95e-01  <none>
            meanPass_9    9.3998e-01    9.3996e-01         +/-  2.61e-01  <none>
           sigmaFail_9    4.9735e-01    4.9951e-01         +/-  5.47e-01  <none>
           sigmaPass_9    7.0472e-01    7.0473e-01         +/-  7.38e-01  <none>
               tPass_9   -6.2018e-02   -6.2017e-02         +/-  3.31e-02  <none>


  Correlation Matrix
 --------------------
   1.0000  -0.0000  -0.8580  -0.1210   0.8553   0.8483   0.3417  -0.0414  -0.0000  -0.0631  -0.0000  -0.0000
  -0.0000   1.0000  -0.1619  -0.0000  -0.0000  -0.1742  -0.0000   0.0000   0.1209   0.0000  -0.2375   0.5877
  -0.8580  -0.1619   1.0000   0.1090  -0.7706  -0.7307  -0.3079   0.0373  -0.0233   0.0568   0.0459  -0.1133
  -0.1210  -0.0000   0.1090   1.0000  -0.3547  -0.1078   0.8583  -0.0027  -0.0000   0.0022   0.0000  -0.0000
   0.8553  -0.0000  -0.7706  -0.3547   1.0000   0.7619   0.1748  -0.1537  -0.0000   0.0629  -0.0000  -0.0000
   0.8483  -0.1742  -0.7307  -0.1078   0.7619   1.0000   0.3044  -0.0369  -0.0251  -0.0562   0.0492  -0.1219
   0.3417  -0.0000  -0.3079   0.8583   0.1748   0.3044   1.0000  -0.0757  -0.0000   0.0318  -0.0000  -0.0000
  -0.0414   0.0000   0.0373  -0.0027  -0.1537  -0.0369  -0.0757   1.0000   0.0000  -0.6703   0.0000   0.0000
  -0.0000   0.1209  -0.0233  -0.0000  -0.0000  -0.0251  -0.0000   0.0000   1.0000   0.0000  -0.0235  -0.0304
  -0.0631   0.0000   0.0568   0.0022   0.0629  -0.0562   0.0318  -0.6703   0.0000   1.0000   0.0000   0.0000
  -0.0000  -0.2375   0.0459   0.0000  -0.0000   0.0492  -0.0000   0.0000  -0.0235   0.0000   1.0000  -0.1970
  -0.0000   0.5877  -0.1133  -0.0000  -0.0000  -0.1219  -0.0000   0.0000  -0.0304   0.0000  -0.1970   1.0000
