
  RooFitResult: minimized FCN value: -6875.56, estimated distance to minimum: 2.68416e-05
                covariance matrix quality: Full matrix, but forced positive-definite
                Status : MINIMIZE=0 HESSE=0 MINOS=0 

    Constant Parameter    Value     
  --------------------  ------------
           peakFail_27    9.1188e+01

    Floating Parameter  InitialValue    FinalValue (+HiError,-LoError)    GblCorr.
  --------------------  ------------  ----------------------------------  --------
              NbkgFail    2.5667e+02    2.5664e+02 (+2.98e+01,-2.58e+01)  <none>
              NbkgPass    3.8776e-01    3.9129e-01 (+1.36e+00,-3.81e-01)  <none>
                  Nsig    2.5049e+03    2.5050e+03 (+5.54e+01,-5.38e+01)  <none>
           alfaFail_27    1.9209e+02    1.9188e+02 (+8.12e+00,-1.21e+02)  <none>
           betaFail_27    1.1858e-02    1.1830e-02 (+2.83e-02,-4.66e-03)  <none>
                   eff    8.3579e-01    8.3578e-01 (+1.10e-02,-1.03e-02)  <none>
          gammaFail_27    1.4753e-02    1.4565e-02 (+8.78e-02,-1.46e-02)  <none>
           meanFail_27    1.3388e+00    1.3388e+00 (+2.75e-01,-2.78e-01)  <none>
           meanPass_27    9.9502e-01    9.9503e-01 (+2.96e-02,-1.86e-01)  <none>
          sigmaFail_27    8.4957e-01    8.4978e-01 (+5.98e-01,-4.74e-01)  <none>
          sigmaPass_27    8.6189e-02    8.6196e-02 (+4.56e-01,-2.50e-01)  <none>
              tPass_27   -1.0000e+00   -1.0000e+00 (+1.00e+00,-2.25e-06)  <none>


  Correlation Matrix
 --------------------
   1.0000  -0.0000  -0.2910  -0.1259   0.3535   0.5247   0.1952  -0.0499   0.0001  -0.1729  -0.0001  -0.0000
  -0.0000   1.0000  -0.0114   0.0001  -0.0000  -0.0040   0.0000   0.0000   0.0036   0.0000   0.0033   0.0074
  -0.2910  -0.0114   1.0000   0.0597  -0.1682  -0.2497  -0.0931   0.0238  -0.0001   0.0823  -0.0000  -0.0001
  -0.1259   0.0001   0.0597   1.0000  -0.5037  -0.1080   0.6107   0.0160  -0.0002   0.0450   0.0001   0.0000
   0.3535  -0.0000  -0.1682  -0.5037   1.0000   0.3035   0.3735  -0.0654   0.0003  -0.1312  -0.0003  -0.0000
   0.5247  -0.0040  -0.2497  -0.1080   0.3035   1.0000   0.1676  -0.0428   0.0001  -0.1484  -0.0001  -0.0000
   0.1952   0.0000  -0.0931   0.6107   0.3735   0.1676   1.0000  -0.0325   0.0001  -0.0736  -0.0001   0.0000
  -0.0499   0.0000   0.0238   0.0160  -0.0654  -0.0428  -0.0325   1.0000  -0.0000   0.1249   0.0000   0.0000
   0.0001   0.0036  -0.0001  -0.0002   0.0003   0.0001   0.0001  -0.0000   1.0000  -0.0001  -0.9958   0.0000
  -0.1729   0.0000   0.0823   0.0450  -0.1312  -0.1484  -0.0736   0.1249  -0.0001   1.0000   0.0001   0.0000
  -0.0001   0.0033  -0.0000   0.0001  -0.0003  -0.0001  -0.0001   0.0000  -0.9958   0.0001   1.0000   0.0000
  -0.0000   0.0074  -0.0001   0.0000  -0.0000  -0.0000   0.0000   0.0000   0.0000   0.0000   0.0000   1.0000
